Frame:1 
1,644,160,33,47,6,634,453,32,20
2,604,219,24,108,0,0,0,0,0
3,683,217,18,114,0,0,0,0,0
4,588,319,51,125,0,0,0,0,0
5,642,322,36,122,0,0,0,0,0
0,0,0,0,0,0,0,0,0,0
0,0,0,0,0,0,0,0,0,0
0,0,0,0,0,0,0,0,0,0
0,0,0,0,0,0,0,0,0,0
0,0,0,0,0,0,0,0,0,0
Frame:2 
1,644,160,33,47,6,634,453,32,20
2,604,219,24,108,0,0,0,0,0
3,683,217,18,114,0,0,0,0,0
4,588,319,51,125,0,0,0,0,0
5,642,322,36,122,0,0,0,0,0
0,0,0,0,0,0,0,0,0,0
0,0,0,0,0,0,0,0,0,0
0,0,0,0,0,0,0,0,0,0
0,0,0,0,0,0,0,0,0,0
0,0,0,0,0,0,0,0,0,0
Frame:3 
1,644,160,33,47,6,634,453,32,20
2,604,219,24,108,0,0,0,0,0
3,683,217,18,114,0,0,0,0,0
4,588,319,51,125,0,0,0,0,0
5,642,322,36,122,0,0,0,0,0
0,0,0,0,0,0,0,0,0,0
0,0,0,0,0,0,0,0,0,0
0,0,0,0,0,0,0,0,0,0
0,0,0,0,0,0,0,0,0,0
0,0,0,0,0,0,0,0,0,0
Frame:4 
1,644,160,33,47,6,634,453,32,20
2,604,219,24,108,0,0,0,0,0
3,683,217,18,114,0,0,0,0,0
4,588,319,51,125,0,0,0,0,0
5,642,322,36,122,0,0,0,0,0
0,0,0,0,0,0,0,0,0,0
0,0,0,0,0,0,0,0,0,0
0,0,0,0,0,0,0,0,0,0
0,0,0,0,0,0,0,0,0,0
0,0,0,0,0,0,0,0,0,0
Frame:5 
1,650,165,32,47,6,641,453,21,20
2,619,219,24,102,0,0,0,0,0
3,671,217,38,108,0,0,0,0,0
4,594,313,56,131,0,0,0,0,0
5,654,319,21,126,0,0,0,0,0
0,0,0,0,0,0,0,0,0,0
0,0,0,0,0,0,0,0,0,0
0,0,0,0,0,0,0,0,0,0
0,0,0,0,0,0,0,0,0,0
0,0,0,0,0,0,0,0,0,0
Frame:6 
1,650,166,35,48,6,645,457,18,21
2,621,213,33,96,0,0,0,0,0
3,677,217,27,92,0,0,0,0,0
4,592,304,56,140,0,0,0,0,0
5,648,309,45,138,0,0,0,0,0
0,0,0,0,0,0,0,0,0,0
0,0,0,0,0,0,0,0,0,0
0,0,0,0,0,0,0,0,0,0
0,0,0,0,0,0,0,0,0,0
0,0,0,0,0,0,0,0,0,0
Frame:7 
1,650,166,35,48,6,645,457,18,21
2,621,213,33,96,0,0,0,0,0
3,677,217,27,92,0,0,0,0,0
4,592,304,56,140,0,0,0,0,0
5,648,309,45,138,0,0,0,0,0
0,0,0,0,0,0,0,0,0,0
0,0,0,0,0,0,0,0,0,0
0,0,0,0,0,0,0,0,0,0
0,0,0,0,0,0,0,0,0,0
0,0,0,0,0,0,0,0,0,0
Frame:8 
1,650,166,35,48,6,645,457,18,21
2,621,213,33,96,0,0,0,0,0
3,677,217,27,92,0,0,0,0,0
4,592,304,56,140,0,0,0,0,0
5,648,309,45,138,0,0,0,0,0
0,0,0,0,0,0,0,0,0,0
0,0,0,0,0,0,0,0,0,0
0,0,0,0,0,0,0,0,0,0
0,0,0,0,0,0,0,0,0,0
0,0,0,0,0,0,0,0,0,0
Frame:9 
1,650,166,35,48,6,645,457,18,21
2,621,213,33,96,0,0,0,0,0
3,677,217,27,92,0,0,0,0,0
4,592,304,56,140,0,0,0,0,0
5,648,309,45,138,0,0,0,0,0
0,0,0,0,0,0,0,0,0,0
0,0,0,0,0,0,0,0,0,0
0,0,0,0,0,0,0,0,0,0
0,0,0,0,0,0,0,0,0,0
0,0,0,0,0,0,0,0,0,0
Frame:10 
1,662,295,32,50,6,644,457,23,15
2,630,328,30,119,0,0,0,0,0
3,680,288,21,68,0,0,0,0,0
4,618,346,32,108,0,0,0,0,0
5,662,348,23,105,0,0,0,0,0
0,0,0,0,0,0,0,0,0,0
0,0,0,0,0,0,0,0,0,0
0,0,0,0,0,0,0,0,0,0
0,0,0,0,0,0,0,0,0,0
0,0,0,0,0,0,0,0,0,0
Frame:11 
1,654,202,42,45,6,622,342,32,32
2,618,246,41,117,0,0,0,0,0
3,687,253,23,81,0,0,0,0,0
4,636,324,30,131,0,0,0,0,0
5,666,324,17,126,0,0,0,0,0
0,0,0,0,0,0,0,0,0,0
0,0,0,0,0,0,0,0,0,0
0,0,0,0,0,0,0,0,0,0
0,0,0,0,0,0,0,0,0,0
0,0,0,0,0,0,0,0,0,0
Frame:12 
1,642,159,27,47,6,588,315,29,23
2,595,213,36,110,0,0,0,0,0
3,681,211,24,105,0,0,0,0,0
4,621,312,27,132,0,0,0,0,0
5,656,313,26,129,0,0,0,0,0
0,0,0,0,0,0,0,0,0,0
0,0,0,0,0,0,0,0,0,0
0,0,0,0,0,0,0,0,0,0
0,0,0,0,0,0,0,0,0,0
0,0,0,0,0,0,0,0,0,0
Frame:13 
1,642,159,27,47,6,588,315,29,23
2,595,213,36,110,0,0,0,0,0
3,681,211,24,105,0,0,0,0,0
4,621,312,27,132,0,0,0,0,0
5,656,313,26,129,0,0,0,0,0
0,0,0,0,0,0,0,0,0,0
0,0,0,0,0,0,0,0,0,0
0,0,0,0,0,0,0,0,0,0
0,0,0,0,0,0,0,0,0,0
0,0,0,0,0,0,0,0,0,0
Frame:14 
1,642,159,27,47,6,588,315,29,23
2,595,213,36,110,0,0,0,0,0
3,681,211,24,105,0,0,0,0,0
4,621,312,27,132,0,0,0,0,0
5,656,313,26,129,0,0,0,0,0
0,0,0,0,0,0,0,0,0,0
0,0,0,0,0,0,0,0,0,0
0,0,0,0,0,0,0,0,0,0
0,0,0,0,0,0,0,0,0,0
0,0,0,0,0,0,0,0,0,0
Frame:15 
1,642,159,27,47,6,588,315,29,23
2,595,213,36,110,0,0,0,0,0
3,681,211,24,105,0,0,0,0,0
4,621,312,27,132,0,0,0,0,0
5,656,313,26,129,0,0,0,0,0
0,0,0,0,0,0,0,0,0,0
0,0,0,0,0,0,0,0,0,0
0,0,0,0,0,0,0,0,0,0
0,0,0,0,0,0,0,0,0,0
0,0,0,0,0,0,0,0,0,0
