Frame:1 
1,975,136,41,54,1,1023,117,39,47
2,960,235,27,89,2,953,181,54,69
3,1047,207,65,113,3,1004,159,75,83
4,960,376,59,176,4,930,286,56,114
5,1034,382,48,194,5,1044,282,44,143
0,0,0,0,0,0,0,0,0,0
0,0,0,0,0,0,0,0,0,0
0,0,0,0,0,0,0,0,0,0
0,0,0,0,0,0,0,0,0,0
0,0,0,0,0,0,0,0,0,0
Frame:2 
1,977,133,41,50,1,1025,114,41,51
2,953,222,20,104,2,951,178,59,65
3,1050,211,54,111,3,987,169,92,60
4,966,367,45,176,4,903,277,78,144
5,1040,385,45,194,5,1034,292,69,150
0,0,0,0,0,0,0,0,0,0
0,0,0,0,0,0,0,0,0,0
0,0,0,0,0,0,0,0,0,0
0,0,0,0,0,0,0,0,0,0
0,0,0,0,0,0,0,0,0,0
Frame:3 
1,977,133,41,50,1,1025,114,41,51
2,953,222,20,104,2,951,178,59,65
3,1050,211,54,111,3,987,169,92,60
4,966,367,45,176,4,903,277,78,144
5,1040,385,45,194,5,1034,292,69,150
0,0,0,0,0,0,0,0,0,0
0,0,0,0,0,0,0,0,0,0
0,0,0,0,0,0,0,0,0,0
0,0,0,0,0,0,0,0,0,0
0,0,0,0,0,0,0,0,0,0
Frame:4 
1,977,133,41,50,1,1025,114,41,51
2,953,222,20,104,2,951,178,59,65
3,1050,211,54,111,3,987,169,92,60
4,966,367,45,176,4,903,277,78,144
5,1040,385,45,194,5,1034,292,69,150
0,0,0,0,0,0,0,0,0,0
0,0,0,0,0,0,0,0,0,0
0,0,0,0,0,0,0,0,0,0
0,0,0,0,0,0,0,0,0,0
0,0,0,0,0,0,0,0,0,0
Frame:5 
1,977,133,41,50,1,1025,114,41,51
2,953,222,20,104,2,951,178,59,65
3,1050,211,54,111,3,987,169,92,60
4,966,367,45,176,4,903,277,78,144
5,1040,385,45,194,5,1034,292,69,150
0,0,0,0,0,0,0,0,0,0
0,0,0,0,0,0,0,0,0,0
0,0,0,0,0,0,0,0,0,0
0,0,0,0,0,0,0,0,0,0
0,0,0,0,0,0,0,0,0,0
Frame:6 
1,977,133,41,50,1,1025,114,41,51
2,953,222,20,104,2,951,178,59,65
3,1050,211,54,111,3,987,169,92,60
4,966,367,45,176,4,903,277,78,144
5,1040,385,45,194,5,1034,292,69,150
0,0,0,0,0,0,0,0,0,0
0,0,0,0,0,0,0,0,0,0
0,0,0,0,0,0,0,0,0,0
0,0,0,0,0,0,0,0,0,0
0,0,0,0,0,0,0,0,0,0
Frame:7 
1,977,133,41,50,1,1025,114,41,51
2,953,222,20,104,2,951,178,59,65
3,1050,211,54,111,3,987,169,92,60
4,966,367,45,176,4,903,277,78,144
5,1040,385,45,194,5,1034,292,69,150
0,0,0,0,0,0,0,0,0,0
0,0,0,0,0,0,0,0,0,0
0,0,0,0,0,0,0,0,0,0
0,0,0,0,0,0,0,0,0,0
0,0,0,0,0,0,0,0,0,0
Frame:8 
1,977,133,41,50,1,1025,114,41,51
2,953,222,20,104,2,951,178,59,65
3,1050,211,54,111,3,987,169,92,60
4,966,367,45,176,4,903,277,78,144
5,1040,385,45,194,5,1034,292,69,150
0,0,0,0,0,0,0,0,0,0
0,0,0,0,0,0,0,0,0,0
0,0,0,0,0,0,0,0,0,0
0,0,0,0,0,0,0,0,0,0
0,0,0,0,0,0,0,0,0,0
Frame:9 
1,932,138,45,59,1,986,115,57,57
3,1001,211,66,117,2,917,189,65,75
4,935,382,59,177,3,956,160,95,71
5,1025,387,68,185,4,923,307,48,126
0,0,0,0,0,5,996,294,60,150
0,0,0,0,0,0,0,0,0,0
0,0,0,0,0,0,0,0,0,0
0,0,0,0,0,0,0,0,0,0
0,0,0,0,0,0,0,0,0,0
0,0,0,0,0,0,0,0,0,0
Frame:11 
1,672,148,42,42,1,732,118,45,47
3,702,217,59,113,3,669,174,99,71
4,743,400,38,158,5,666,280,117,152
5,707,391,126,143,0,0,0,0,0
0,0,0,0,0,0,0,0,0,0
0,0,0,0,0,0,0,0,0,0
0,0,0,0,0,0,0,0,0,0
0,0,0,0,0,0,0,0,0,0
0,0,0,0,0,0,0,0,0,0
0,0,0,0,0,0,0,0,0,0
Frame:12 
1,472,168,33,36,1,511,141,44,50
3,475,211,53,129,3,462,184,81,47
4,492,384,48,128,5,442,280,114,135
5,531,337,75,198,0,0,0,0,0
0,0,0,0,0,0,0,0,0,0
0,0,0,0,0,0,0,0,0,0
0,0,0,0,0,0,0,0,0,0
0,0,0,0,0,0,0,0,0,0
0,0,0,0,0,0,0,0,0,0
0,0,0,0,0,0,0,0,0,0
Frame:13 
1,274,171,35,42,1,313,151,36,42
3,276,213,62,122,3,265,192,81,50
4,358,366,72,125,5,247,283,128,117
5,315,340,54,180,0,0,0,0,0
0,0,0,0,0,0,0,0,0,0
0,0,0,0,0,0,0,0,0,0
0,0,0,0,0,0,0,0,0,0
0,0,0,0,0,0,0,0,0,0
0,0,0,0,0,0,0,0,0,0
0,0,0,0,0,0,0,0,0,0
Frame:14 
1,76,189,38,41,1,123,172,42,42
3,97,235,65,117,3,87,217,60,50
4,166,369,78,140,5,64,289,147,98
5,82,342,77,167,0,0,0,0,0
0,0,0,0,0,0,0,0,0,0
0,0,0,0,0,0,0,0,0,0
0,0,0,0,0,0,0,0,0,0
0,0,0,0,0,0,0,0,0,0
0,0,0,0,0,0,0,0,0,0
0,0,0,0,0,0,0,0,0,0
Frame:15 
0,0,0,0,0
0,0,0,0,0
0,0,0,0,0
0,0,0,0,0
0,0,0,0,0
0,0,0,0,0
0,0,0,0,0
0,0,0,0,0
0,0,0,0,0
0,0,0,0,0
