Frame:1 
1,1104,288,18,20,11,1091,304,39,39
4,1110,337,11,45,0,0,0,0,0
5,1100,339,12,47,0,0,0,0,0
7,1125,324,9,14,0,0,0,0,0
8,1086,322,12,20,0,0,0,0,0
0,0,0,0,0,0,0,0,0,0
0,0,0,0,0,0,0,0,0,0
0,0,0,0,0,0,0,0,0,0
0,0,0,0,0,0,0,0,0,0
0,0,0,0,0,0,0,0,0,0
Frame:2 
1,1104,288,18,20,11,1091,304,39,39
4,1110,337,11,45,0,0,0,0,0
5,1100,339,12,47,0,0,0,0,0
7,1125,324,9,14,0,0,0,0,0
8,1086,322,12,20,0,0,0,0,0
0,0,0,0,0,0,0,0,0,0
0,0,0,0,0,0,0,0,0,0
0,0,0,0,0,0,0,0,0,0
0,0,0,0,0,0,0,0,0,0
0,0,0,0,0,0,0,0,0,0
Frame:3 
2,1091,292,12,33,11,1089,277,44,30
3,1122,297,11,32,0,0,0,0,0
4,1110,333,11,54,0,0,0,0,0
5,1098,331,12,56,0,0,0,0,0
6,1101,300,23,39,0,0,0,0,0
0,0,0,0,0,0,0,0,0,0
0,0,0,0,0,0,0,0,0,0
0,0,0,0,0,0,0,0,0,0
0,0,0,0,0,0,0,0,0,0
0,0,0,0,0,0,0,0,0,0
Frame:4 
1,1106,286,15,23,11,1089,264,39,30
2,1124,288,11,32,0,0,0,0,0
3,1092,291,14,30,0,0,0,0,0
4,1112,334,11,50,0,0,0,0,0
5,1098,334,12,53,0,0,0,0,0
6,1106,307,21,33,0,0,0,0,0
0,0,0,0,0,0,0,0,0,0
0,0,0,0,0,0,0,0,0,0
0,0,0,0,0,0,0,0,0,0
0,0,0,0,0,0,0,0,0,0
Frame:5 
1,1106,286,15,23,11,1089,264,39,30
2,1124,288,11,32,0,0,0,0,0
3,1092,291,14,30,0,0,0,0,0
4,1112,334,11,50,0,0,0,0,0
5,1098,334,12,53,0,0,0,0,0
6,1106,307,21,33,0,0,0,0,0
0,0,0,0,0,0,0,0,0,0
0,0,0,0,0,0,0,0,0,0
0,0,0,0,0,0,0,0,0,0
0,0,0,0,0,0,0,0,0,0
Frame:6 
1,1106,286,15,23,11,1089,264,39,30
2,1124,288,11,32,0,0,0,0,0
3,1092,291,14,30,0,0,0,0,0
4,1112,334,11,50,0,0,0,0,0
5,1098,334,12,53,0,0,0,0,0
6,1106,307,21,33,0,0,0,0,0
0,0,0,0,0,0,0,0,0,0
0,0,0,0,0,0,0,0,0,0
0,0,0,0,0,0,0,0,0,0
0,0,0,0,0,0,0,0,0,0
Frame:7 
1,1124,294,17,21,11,1110,267,42,35
2,1142,291,12,39,0,0,0,0,0
3,1106,286,12,39,0,0,0,0,0
4,1125,342,14,50,0,0,0,0,0
5,1116,343,18,60,0,0,0,0,0
6,1116,307,23,51,0,0,0,0,0
0,0,0,0,0,0,0,0,0,0
0,0,0,0,0,0,0,0,0,0
0,0,0,0,0,0,0,0,0,0
0,0,0,0,0,0,0,0,0,0
Frame:8 
1,1131,298,18,17,11,1116,264,48,42
2,1152,294,14,36,0,0,0,0,0
3,1110,297,17,29,0,0,0,0,0
4,1139,351,12,59,0,0,0,0,0
5,1121,352,15,51,0,0,0,0,0
6,1124,313,30,41,0,0,0,0,0
0,0,0,0,0,0,0,0,0,0
0,0,0,0,0,0,0,0,0,0
0,0,0,0,0,0,0,0,0,0
0,0,0,0,0,0,0,0,0,0
Frame:9 
1,1140,292,17,24,11,1128,264,47,35
2,1158,288,17,41,0,0,0,0,0
3,1122,291,12,39,0,0,0,0,0
4,1145,352,15,51,0,0,0,0,0
5,1122,346,21,65,0,0,0,0,0
6,1134,315,29,42,0,0,0,0,0
0,0,0,0,0,0,0,0,0,0
0,0,0,0,0,0,0,0,0,0
0,0,0,0,0,0,0,0,0,0
0,0,0,0,0,0,0,0,0,0
Frame:10 
1,1152,297,20,18,11,1136,264,50,36
2,1176,295,15,35,0,0,0,0,0
3,1133,292,14,36,0,0,0,0,0
4,1160,361,14,62,0,0,0,0,0
5,1143,357,15,63,0,0,0,0,0
6,1146,315,32,51,0,0,0,0,0
0,0,0,0,0,0,0,0,0,0
0,0,0,0,0,0,0,0,0,0
0,0,0,0,0,0,0,0,0,0
0,0,0,0,0,0,0,0,0,0
Frame:11 
1,1161,298,24,26,11,1146,261,53,42
2,1188,298,15,35,0,0,0,0,0
3,1140,289,14,42,0,0,0,0,0
4,1172,361,17,71,0,0,0,0,0
5,1148,361,20,68,0,0,0,0,0
6,1151,321,36,48,0,0,0,0,0
0,0,0,0,0,0,0,0,0,0
0,0,0,0,0,0,0,0,0,0
0,0,0,0,0,0,0,0,0,0
0,0,0,0,0,0,0,0,0,0
Frame:12 
1,1179,301,21,24,11,1167,264,53,45
2,1209,297,17,39,0,0,0,0,0
3,1157,292,17,48,0,0,0,0,0
4,1188,367,12,65,0,0,0,0,0
5,1170,366,20,72,0,0,0,0,0
6,1170,325,44,47,0,0,0,0,0
0,0,0,0,0,0,0,0,0,0
0,0,0,0,0,0,0,0,0,0
0,0,0,0,0,0,0,0,0,0
0,0,0,0,0,0,0,0,0,0
Frame:13 
1,1187,304,23,21,11,1170,264,59,42
2,1223,294,17,48,0,0,0,0,0
3,1164,289,14,50,0,0,0,0,0
4,1199,370,20,77,0,0,0,0,0
5,1179,370,18,77,0,0,0,0,0
6,1176,325,47,48,0,0,0,0,0
0,0,0,0,0,0,0,0,0,0
0,0,0,0,0,0,0,0,0,0
0,0,0,0,0,0,0,0,0,0
0,0,0,0,0,0,0,0,0,0
Frame:14 
1,1203,301,23,26,11,1181,261,62,47
2,1235,292,20,50,0,0,0,0,0
3,1178,294,14,47,0,0,0,0,0
4,1209,378,18,78,0,0,0,0,0
5,1193,378,15,72,0,0,0,0,0
6,1193,325,39,56,0,0,0,0,0
0,0,0,0,0,0,0,0,0,0
0,0,0,0,0,0,0,0,0,0
0,0,0,0,0,0,0,0,0,0
0,0,0,0,0,0,0,0,0,0
Frame:15 
1,1203,301,23,26,11,1181,261,62,47
2,1235,292,20,50,0,0,0,0,0
3,1178,294,14,47,0,0,0,0,0
4,1209,378,18,78,0,0,0,0,0
5,1193,378,15,72,0,0,0,0,0
6,1193,325,39,56,0,0,0,0,0
0,0,0,0,0,0,0,0,0,0
0,0,0,0,0,0,0,0,0,0
0,0,0,0,0,0,0,0,0,0
0,0,0,0,0,0,0,0,0,0
