Frame:1 
1,677,252,21,27,11,650,333,42,30
2,668,294,17,56,0,0,0,0,0
3,677,297,27,53,0,0,0,0,0
4,677,367,17,45,0,0,0,0,0
5,696,366,17,48,0,0,0,0,0
0,0,0,0,0,0,0,0,0,0
0,0,0,0,0,0,0,0,0,0
0,0,0,0,0,0,0,0,0,0
0,0,0,0,0,0,0,0,0,0
0,0,0,0,0,0,0,0,0,0
Frame:2 
1,677,252,21,27,11,650,333,42,30
2,668,294,17,56,0,0,0,0,0
3,677,297,27,53,0,0,0,0,0
4,677,367,17,45,0,0,0,0,0
5,696,366,17,48,0,0,0,0,0
0,0,0,0,0,0,0,0,0,0
0,0,0,0,0,0,0,0,0,0
0,0,0,0,0,0,0,0,0,0
0,0,0,0,0,0,0,0,0,0
0,0,0,0,0,0,0,0,0,0
Frame:3 
1,677,252,21,27,11,650,333,42,30
2,668,294,17,56,0,0,0,0,0
3,677,297,27,53,0,0,0,0,0
4,677,367,17,45,0,0,0,0,0
5,696,366,17,48,0,0,0,0,0
0,0,0,0,0,0,0,0,0,0
0,0,0,0,0,0,0,0,0,0
0,0,0,0,0,0,0,0,0,0
0,0,0,0,0,0,0,0,0,0
0,0,0,0,0,0,0,0,0,0
Frame:4 
1,677,252,21,27,11,650,333,42,30
2,668,294,17,56,0,0,0,0,0
3,677,297,27,53,0,0,0,0,0
4,677,367,17,45,0,0,0,0,0
5,696,366,17,48,0,0,0,0,0
0,0,0,0,0,0,0,0,0,0
0,0,0,0,0,0,0,0,0,0
0,0,0,0,0,0,0,0,0,0
0,0,0,0,0,0,0,0,0,0
0,0,0,0,0,0,0,0,0,0
Frame:5 
1,683,252,23,24,11,627,283,51,47
2,645,273,32,26,0,0,0,0,0
3,650,288,66,17,0,0,0,0,0
4,677,340,17,72,0,0,0,0,0
5,687,339,24,80,0,0,0,0,0
0,0,0,0,0,0,0,0,0,0
0,0,0,0,0,0,0,0,0,0
0,0,0,0,0,0,0,0,0,0
0,0,0,0,0,0,0,0,0,0
0,0,0,0,0,0,0,0,0,0
Frame:6 
1,647,252,18,30,11,592,307,71,32
2,604,283,41,36,0,0,0,0,0
3,613,277,66,47,0,0,0,0,0
4,639,345,12,71,0,0,0,0,0
5,656,348,47,63,0,0,0,0,0
0,0,0,0,0,0,0,0,0,0
0,0,0,0,0,0,0,0,0,0
0,0,0,0,0,0,0,0,0,0
0,0,0,0,0,0,0,0,0,0
0,0,0,0,0,0,0,0,0,0
Frame:7 
1,588,250,24,30,11,541,318,50,32
2,552,280,42,45,0,0,0,0,0
3,567,282,47,45,0,0,0,0,0
4,576,354,17,51,0,0,0,0,0
5,595,343,20,81,0,0,0,0,0
0,0,0,0,0,0,0,0,0,0
0,0,0,0,0,0,0,0,0,0
0,0,0,0,0,0,0,0,0,0
0,0,0,0,0,0,0,0,0,0
0,0,0,0,0,0,0,0,0,0
Frame:8 
1,516,253,27,29,11,462,312,50,30
2,475,283,50,36,0,0,0,0,0
3,483,288,59,41,0,0,0,0,0
4,540,369,21,60,0,0,0,0,0
5,505,346,39,87,0,0,0,0,0
0,0,0,0,0,0,0,0,0,0
0,0,0,0,0,0,0,0,0,0
0,0,0,0,0,0,0,0,0,0
0,0,0,0,0,0,0,0,0,0
0,0,0,0,0,0,0,0,0,0
Frame:9 
1,444,256,21,27,11,393,318,47,45
3,415,288,56,44,0,0,0,0,0
4,432,369,24,65,0,0,0,0,0
5,466,355,38,68,0,0,0,0,0
0,0,0,0,0,0,0,0,0,0
0,0,0,0,0,0,0,0,0,0
0,0,0,0,0,0,0,0,0,0
0,0,0,0,0,0,0,0,0,0
0,0,0,0,0,0,0,0,0,0
0,0,0,0,0,0,0,0,0,0
Frame:10 
1,370,253,23,35,11,322,319,38,51
3,340,289,60,45,0,0,0,0,0
5,373,346,29,92,0,0,0,0,0
0,0,0,0,0,0,0,0,0,0
0,0,0,0,0,0,0,0,0,0
0,0,0,0,0,0,0,0,0,0
0,0,0,0,0,0,0,0,0,0
0,0,0,0,0,0,0,0,0,0
0,0,0,0,0,0,0,0,0,0
0,0,0,0,0,0,0,0,0,0
Frame:11 
1,291,246,30,41,11,238,318,50,50
3,255,283,72,56,0,0,0,0,0
4,289,370,21,74,0,0,0,0,0
5,307,346,21,87,0,0,0,0,0
0,0,0,0,0,0,0,0,0,0
0,0,0,0,0,0,0,0,0,0
0,0,0,0,0,0,0,0,0,0
0,0,0,0,0,0,0,0,0,0
0,0,0,0,0,0,0,0,0,0
0,0,0,0,0,0,0,0,0,0
Frame:12 
1,226,250,30,36
3,186,288,63,47
4,241,372,35,77
5,216,357,24,92
11,166,321,38,53
0,0,0,0,0
0,0,0,0,0
0,0,0,0,0
0,0,0,0,0
0,0,0,0,0
Frame:13 
1,142,255,36,33,11,78,333,65,44
3,105,283,57,71,0,0,0,0,0
4,166,379,38,66,0,0,0,0,0
5,150,354,20,96,0,0,0,0,0
0,0,0,0,0,0,0,0,0,0
0,0,0,0,0,0,0,0,0,0
0,0,0,0,0,0,0,0,0,0
0,0,0,0,0,0,0,0,0,0
0,0,0,0,0,0,0,0,0,0
0,0,0,0,0,0,0,0,0,0
Frame:14 
1,115,250,33,35,11,61,336,51,50
3,82,289,50,60,0,0,0,0,0
5,123,349,35,98,0,0,0,0,0
0,0,0,0,0,0,0,0,0,0
0,0,0,0,0,0,0,0,0,0
0,0,0,0,0,0,0,0,0,0
0,0,0,0,0,0,0,0,0,0
0,0,0,0,0,0,0,0,0,0
0,0,0,0,0,0,0,0,0,0
0,0,0,0,0,0,0,0,0,0
Frame:15 
1,115,250,33,35,11,61,336,51,50
3,82,289,50,60,0,0,0,0,0
5,123,349,35,98,0,0,0,0,0
0,0,0,0,0,0,0,0,0,0
0,0,0,0,0,0,0,0,0,0
0,0,0,0,0,0,0,0,0,0
0,0,0,0,0,0,0,0,0,0
0,0,0,0,0,0,0,0,0,0
0,0,0,0,0,0,0,0,0,0
0,0,0,0,0,0,0,0,0,0
