Frame:1 
1,989,187,20,33,1,954,174,27,35
2,939,225,32,72,2,948,201,51,44
4,938,321,29,104,4,941,262,41,87
5,978,321,24,92,5,993,262,39,83
0,0,0,0,0,0,0,0,0,0
0,0,0,0,0,0,0,0,0,0
0,0,0,0,0,0,0,0,0,0
0,0,0,0,0,0,0,0,0,0
0,0,0,0,0,0,0,0,0,0
0,0,0,0,0,0,0,0,0,0
Frame:2 
1,989,187,20,33,1,954,174,27,35
2,939,225,32,72,2,948,201,51,44
4,938,321,29,104,4,941,262,41,87
5,978,321,24,92,5,993,262,39,83
0,0,0,0,0,0,0,0,0,0
0,0,0,0,0,0,0,0,0,0
0,0,0,0,0,0,0,0,0,0
0,0,0,0,0,0,0,0,0,0
0,0,0,0,0,0,0,0,0,0
0,0,0,0,0,0,0,0,0,0
Frame:3 
1,989,187,20,33,1,954,174,27,35
2,939,225,32,72,2,948,201,51,44
4,938,321,29,104,4,941,262,41,87
5,978,321,24,92,5,993,262,39,83
0,0,0,0,0,0,0,0,0,0
0,0,0,0,0,0,0,0,0,0
0,0,0,0,0,0,0,0,0,0
0,0,0,0,0,0,0,0,0,0
0,0,0,0,0,0,0,0,0,0
0,0,0,0,0,0,0,0,0,0
Frame:4 
1,989,187,20,33,1,954,174,27,35
2,939,225,32,72,2,948,201,51,44
4,938,321,29,104,4,941,262,41,87
5,978,321,24,92,5,993,262,39,83
0,0,0,0,0,0,0,0,0,0
0,0,0,0,0,0,0,0,0,0
0,0,0,0,0,0,0,0,0,0
0,0,0,0,0,0,0,0,0,0
0,0,0,0,0,0,0,0,0,0
0,0,0,0,0,0,0,0,0,0
Frame:5 
1,989,187,20,33,1,954,174,27,35
2,939,225,32,72,2,948,201,51,44
4,938,321,29,104,4,941,262,41,87
5,978,321,24,92,5,993,262,39,83
0,0,0,0,0,0,0,0,0,0
0,0,0,0,0,0,0,0,0,0
0,0,0,0,0,0,0,0,0,0
0,0,0,0,0,0,0,0,0,0
0,0,0,0,0,0,0,0,0,0
0,0,0,0,0,0,0,0,0,0
Frame:6 
1,989,187,20,33,1,954,174,27,35
2,939,225,32,72,2,948,201,51,44
4,938,321,29,104,4,941,262,41,87
5,978,321,24,92,5,993,262,39,83
0,0,0,0,0,0,0,0,0,0
0,0,0,0,0,0,0,0,0,0
0,0,0,0,0,0,0,0,0,0
0,0,0,0,0,0,0,0,0,0
0,0,0,0,0,0,0,0,0,0
0,0,0,0,0,0,0,0,0,0
Frame:7 
1,989,187,20,33,1,954,174,27,35
2,939,225,32,72,2,948,201,51,44
4,938,321,29,104,4,941,262,41,87
5,978,321,24,92,5,993,262,39,83
0,0,0,0,0,0,0,0,0,0
0,0,0,0,0,0,0,0,0,0
0,0,0,0,0,0,0,0,0,0
0,0,0,0,0,0,0,0,0,0
0,0,0,0,0,0,0,0,0,0
0,0,0,0,0,0,0,0,0,0
Frame:8 
1,989,187,20,33,1,954,174,27,35
2,939,225,32,72,2,948,201,51,44
4,938,321,29,104,4,941,262,41,87
5,978,321,24,92,5,993,262,39,83
0,0,0,0,0,0,0,0,0,0
0,0,0,0,0,0,0,0,0,0
0,0,0,0,0,0,0,0,0,0
0,0,0,0,0,0,0,0,0,0
0,0,0,0,0,0,0,0,0,0
0,0,0,0,0,0,0,0,0,0
Frame:9 
1,1005,187,24,36,1,975,171,23,36
2,944,229,41,56,2,963,205,51,47
4,965,313,23,114,3,1005,217,30,36
5,992,315,26,110,4,942,265,26,90
0,0,0,0,0,5,1008,271,24,80
0,0,0,0,0,0,0,0,0,0
0,0,0,0,0,0,0,0,0,0
0,0,0,0,0,0,0,0,0,0
0,0,0,0,0,0,0,0,0,0
0,0,0,0,0,0,0,0,0,0
Frame:10 
1,1017,186,24,35,1,992,169,21,35
2,962,228,32,66,2,990,195,26,45
3,1049,235,15,78,3,1025,207,36,38
4,996,321,18,125,4,962,268,33,89
5,1011,324,24,93,5,1041,279,39,89
0,0,0,0,0,0,0,0,0,0
0,0,0,0,0,0,0,0,0,0
0,0,0,0,0,0,0,0,0,0
0,0,0,0,0,0,0,0,0,0
0,0,0,0,0,0,0,0,0,0
Frame:11 
1,990,177,33,38,1,1020,160,27,36
2,954,222,29,95,2,956,195,48,56
3,1043,222,26,89,3,1001,201,56,53
4,977,340,33,101,4,932,274,56,83
5,1008,331,30,140,5,1037,271,33,105
0,0,0,0,0,0,0,0,0,0
0,0,0,0,0,0,0,0,0,0
0,0,0,0,0,0,0,0,0,0
0,0,0,0,0,0,0,0,0,0
0,0,0,0,0,0,0,0,0,0
Frame:12 
1,975,157,41,54,1,993,138,41,45
2,908,216,56,80,0,0,0,0,0
3,1025,217,33,87,3,990,175,57,68
4,938,348,26,147,4,902,267,51,119
5,980,354,32,162,5,1020,270,48,135
0,0,0,0,0,0,0,0,0,0
0,0,0,0,0,0,0,0,0,0
0,0,0,0,0,0,0,0,0,0
0,0,0,0,0,0,0,0,0,0
0,0,0,0,0,0,0,0,0,0
Frame:13 
1,1086,120,38,60,1,1032,115,42,59
2,968,198,69,113,2,1016,165,65,69
3,1121,210,32,135,3,1077,169,69,63
4,1026,379,32,218,4,975,283,56,167
5,1073,379,36,167,5,1086,286,92,153
0,0,0,0,0,0,0,0,0,0
0,0,0,0,0,0,0,0,0,0
0,0,0,0,0,0,0,0,0,0
0,0,0,0,0,0,0,0,0,0
0,0,0,0,0,0,0,0,0,0
Frame:14 
0,0,0,0,0
0,0,0,0,0
0,0,0,0,0
0,0,0,0,0
0,0,0,0,0
0,0,0,0,0
0,0,0,0,0
0,0,0,0,0
0,0,0,0,0
0,0,0,0,0
