Frame:1 
1,502,235,47,54,1,665,265,51,60
3,496,294,44,123,3,659,333,44,104
4,480,456,48,108,5,666,453,65,155
5,510,427,104,150,0,0,0,0,0
0,0,0,0,0,0,0,0,0,0
0,0,0,0,0,0,0,0,0,0
0,0,0,0,0,0,0,0,0,0
0,0,0,0,0,0,0,0,0,0
0,0,0,0,0,0,0,0,0,0
0,0,0,0,0,0,0,0,0,0
Frame:2 
1,327,237,47,47,1,504,276,39,53
3,339,286,47,101,2,466,349,47,35
5,340,388,59,156,3,481,342,35,128
0,0,0,0,0,4,519,448,81,119
0,0,0,0,0,5,463,432,62,132
0,0,0,0,0,0,0,0,0,0
0,0,0,0,0,0,0,0,0,0
0,0,0,0,0,0,0,0,0,0
0,0,0,0,0,0,0,0,0,0
0,0,0,0,0,0,0,0,0,0
Frame:3 
1,190,246,44,41,1,334,273,47,41
3,199,294,38,120,2,327,304,32,38
4,237,411,50,114,3,343,315,47,111
5,162,403,57,116,4,367,415,42,119
0,0,0,0,0,5,327,396,39,134
0,0,0,0,0,0,0,0,0,0
0,0,0,0,0,0,0,0,0,0
0,0,0,0,0,0,0,0,0,0
0,0,0,0,0,0,0,0,0,0
0,0,0,0,0,0,0,0,0,0
Frame:4 
1,124,244,35,41,1,195,279,33,42
3,85,294,39,105,3,156,327,48,63
5,94,376,35,120,2,229,328,27,99
4,121,385,24,107,4,172,424,39,93
0,0,0,0,0,5,193,415,74,110
0,0,0,0,0,0,0,0,0,0
0,0,0,0,0,0,0,0,0,0
0,0,0,0,0,0,0,0,0,0
0,0,0,0,0,0,0,0,0,0
0,0,0,0,0,0,0,0,0,0
Frame:5 
1,156,255,26,42,1,103,276,33,45
2,165,307,27,95,2,135,325,23,86
4,166,388,35,99,3,67,319,41,92
0,0,0,0,0,4,120,403,24,95
0,0,0,0,0,5,79,402,48,105
0,0,0,0,0,0,0,0,0,0
0,0,0,0,0,0,0,0,0,0
0,0,0,0,0,0,0,0,0,0
0,0,0,0,0,0,0,0,0,0
0,0,0,0,0,0,0,0,0,0
Frame:6 
1,211,259,35,38,1,151,288,35,33
2,190,300,15,101,2,147,325,26,86
3,247,301,35,84,4,169,396,23,89
4,208,376,29,119,5,120,415,62,65
5,232,378,39,114,0,0,0,0,0
0,0,0,0,0,0,0,0,0,0
0,0,0,0,0,0,0,0,0,0
0,0,0,0,0,0,0,0,0,0
0,0,0,0,0,0,0,0,0,0
0,0,0,0,0,0,0,0,0,0
Frame:7 
1,165,252,29,35,1,235,286,23,41
3,195,288,29,104,3,262,330,23,65
4,201,403,33,104,5,261,397,38,105
5,162,385,42,119,0,0,0,0,0
0,0,0,0,0,0,0,0,0,0
0,0,0,0,0,0,0,0,0,0
0,0,0,0,0,0,0,0,0,0
0,0,0,0,0,0,0,0,0,0
0,0,0,0,0,0,0,0,0,0
0,0,0,0,0,0,0,0,0,0
Frame:8 
1,148,256,33,26,1,183,286,32,36
3,111,298,35,98,3,198,330,57,74
4,151,391,24,93,5,184,403,32,111
5,123,387,27,98,4,223,411,48,98
0,0,0,0,0,0,0,0,0,0
0,0,0,0,0,0,0,0,0,0
0,0,0,0,0,0,0,0,0,0
0,0,0,0,0,0,0,0,0,0
0,0,0,0,0,0,0,0,0,0
0,0,0,0,0,0,0,0,0,0
Frame:9 
1,223,252,32,36,1,159,280,30,33
2,222,300,45,86,2,177,313,24,90
4,240,376,47,104,3,129,321,27,83
5,210,370,38,105,4,135,391,45,99
0,0,0,0,0,0,0,0,0,0
0,0,0,0,0,0,0,0,0,0
0,0,0,0,0,0,0,0,0,0
0,0,0,0,0,0,0,0,0,0
0,0,0,0,0,0,0,0,0,0
0,0,0,0,0,0,0,0,0,0
Frame:10 
1,285,258,32,32,1,237,288,33,32
2,321,295,42,68,2,255,325,33,75
4,318,364,32,104,4,232,388,32,86
0,0,0,0,0,5,256,384,30,84
0,0,0,0,0,0,0,0,0,0
0,0,0,0,0,0,0,0,0,0
0,0,0,0,0,0,0,0,0,0
0,0,0,0,0,0,0,0,0,0
0,0,0,0,0,0,0,0,0,0
0,0,0,0,0,0,0,0,0,0
Frame:11 
1,237,271,26,26,1,300,289,24,39
3,255,303,26,93,3,297,327,20,71
4,261,378,27,84,2,325,322,27,68
5,220,373,51,95,4,327,384,30,81
0,0,0,0,0,5,298,390,42,69
0,0,0,0,0,0,0,0,0,0
0,0,0,0,0,0,0,0,0,0
0,0,0,0,0,0,0,0,0,0
0,0,0,0,0,0,0,0,0,0
0,0,0,0,0,0,0,0,0,0
Frame:12 
0,0,0,0,0
0,0,0,0,0
0,0,0,0,0
0,0,0,0,0
0,0,0,0,0
0,0,0,0,0
0,0,0,0,0
0,0,0,0,0
0,0,0,0,0
0,0,0,0,0
Frame:13 
0,0,0,0,0
0,0,0,0,0
0,0,0,0,0
0,0,0,0,0
0,0,0,0,0
0,0,0,0,0
0,0,0,0,0
0,0,0,0,0
0,0,0,0,0
0,0,0,0,0
Frame:14 
0,0,0,0,0
0,0,0,0,0
0,0,0,0,0
0,0,0,0,0
0,0,0,0,0
0,0,0,0,0
0,0,0,0,0
0,0,0,0,0
0,0,0,0,0
0,0,0,0,0
