Frame:1 
1,1124,279,32,38
2,1092,318,30,68
3,1157,313,32,75
4,1104,385,24,83
5,1139,384,26,92
0,0,0,0,0
0,0,0,0,0
0,0,0,0,0
0,0,0,0,0
0,0,0,0,0
Frame:2 
1,1124,279,32,38
2,1092,318,30,68
3,1157,313,32,75
4,1104,385,24,83
5,1139,384,26,92
0,0,0,0,0
0,0,0,0,0
0,0,0,0,0
0,0,0,0,0
0,0,0,0,0
Frame:3 
1,1124,279,32,38
2,1092,318,30,68
3,1157,313,32,75
4,1104,385,24,83
5,1139,384,26,92
0,0,0,0,0
0,0,0,0,0
0,0,0,0,0
0,0,0,0,0
0,0,0,0,0
Frame:4 
1,1124,279,32,38
2,1092,318,30,68
3,1157,313,32,75
4,1104,385,24,83
5,1139,384,26,92
0,0,0,0,0
0,0,0,0,0
0,0,0,0,0
0,0,0,0,0
0,0,0,0,0
Frame:5 
1,1124,279,32,38
2,1092,318,30,68
3,1157,313,32,75
4,1104,385,24,83
5,1139,384,26,92
0,0,0,0,0
0,0,0,0,0
0,0,0,0,0
0,0,0,0,0
0,0,0,0,0
Frame:6 
1,1124,279,32,38
2,1092,318,30,68
3,1157,313,32,75
4,1104,385,24,83
5,1139,384,26,92
0,0,0,0,0
0,0,0,0,0
0,0,0,0,0
0,0,0,0,0
0,0,0,0,0
Frame:7 
1,1124,279,32,38
2,1092,318,30,68
3,1157,313,32,75
4,1104,385,24,83
5,1139,384,26,92
0,0,0,0,0
0,0,0,0,0
0,0,0,0,0
0,0,0,0,0
0,0,0,0,0
Frame:8 
1,1124,279,32,38
2,1092,318,30,68
3,1157,313,32,75
4,1104,385,24,83
5,1139,384,26,92
0,0,0,0,0
0,0,0,0,0
0,0,0,0,0
0,0,0,0,0
0,0,0,0,0
Frame:9 
1,1124,279,32,38
2,1092,318,30,68
3,1157,313,32,75
4,1104,385,24,83
5,1139,384,26,92
0,0,0,0,0
0,0,0,0,0
0,0,0,0,0
0,0,0,0,0
0,0,0,0,0
Frame:10 
1,1124,279,32,38
2,1092,318,30,68
3,1157,313,32,75
4,1104,385,24,83
5,1139,384,26,92
0,0,0,0,0
0,0,0,0,0
0,0,0,0,0
0,0,0,0,0
0,0,0,0,0
Frame:11 
1,1124,279,32,38
2,1092,318,30,68
3,1157,313,32,75
4,1104,385,24,83
5,1139,384,26,92
0,0,0,0,0
0,0,0,0,0
0,0,0,0,0
0,0,0,0,0
0,0,0,0,0
Frame:12 
1,1047,271,42,53
2,1007,324,41,69
3,1094,328,36,77
4,1034,403,35,134
5,1073,409,45,110
0,0,0,0,0
0,0,0,0,0
0,0,0,0,0
0,0,0,0,0
0,0,0,0,0
Frame:13 
1,1020,252,39,51,6,1076,468,33,45
2,987,316,29,86,0,0,0,0,0
3,1061,315,54,93,0,0,0,0,0
4,978,412,53,152,0,0,0,0,0
5,1028,415,41,144,0,0,0,0,0
0,0,0,0,0,0,0,0,0,0
0,0,0,0,0,0,0,0,0,0
0,0,0,0,0,0,0,0,0,0
0,0,0,0,0,0,0,0,0,0
0,0,0,0,0,0,0,0,0,0
Frame:14 
1,972,238,47,68,6,1034,478,39,56
2,918,318,30,107,0,0,0,0,0
3,1019,324,44,110,0,0,0,0,0
4,954,442,38,149,0,0,0,0,0
5,972,447,57,185,0,0,0,0,0
0,0,0,0,0,0,0,0,0,0
0,0,0,0,0,0,0,0,0,0
0,0,0,0,0,0,0,0,0,0
0,0,0,0,0,0,0,0,0,0
0,0,0,0,0,0,0,0,0,0
Frame:15 
1,890,223,69,74,6,1004,501,69,62
2,828,321,48,113,0,0,0,0,0
3,935,318,77,144,0,0,0,0,0
4,858,469,62,194,0,0,0,0,0
5,911,460,62,237,0,0,0,0,0
0,0,0,0,0,0,0,0,0,0
0,0,0,0,0,0,0,0,0,0
0,0,0,0,0,0,0,0,0,0
0,0,0,0,0,0,0,0,0,0
0,0,0,0,0,0,0,0,0,0
Frame:16 
1,749,177,68,86,6,957,520,89,99
2,701,301,42,159,0,0,0,0,0
3,849,298,90,188,0,0,0,0,0
4,707,517,72,225,0,0,0,0,0
5,791,507,83,204,0,0,0,0,0
0,0,0,0,0,0,0,0,0,0
0,0,0,0,0,0,0,0,0,0
0,0,0,0,0,0,0,0,0,0
0,0,0,0,0,0,0,0,0,0
0,0,0,0,0,0,0,0,0,0
Frame:17 
1,502,114,105,143,6,899,546,96,102
2,432,325,68,234,0,0,0,0,0
3,595,300,141,287,0,0,0,0,0
4,447,580,78,135,0,0,0,0,0
0,0,0,0,0,0,0,0,0,0
0,0,0,0,0,0,0,0,0,0
0,0,0,0,0,0,0,0,0,0
0,0,0,0,0,0,0,0,0,0
0,0,0,0,0,0,0,0,0,0
0,0,0,0,0,0,0,0,0,0
Frame:18 
1,502,114,105,143,6,899,546,96,102
2,432,325,68,234,0,0,0,0,0
3,595,300,141,287,0,0,0,0,0
4,447,580,78,135,0,0,0,0,0
0,0,0,0,0,0,0,0,0,0
0,0,0,0,0,0,0,0,0,0
0,0,0,0,0,0,0,0,0,0
0,0,0,0,0,0,0,0,0,0
0,0,0,0,0,0,0,0,0,0
0,0,0,0,0,0,0,0,0,0
Frame:19 
1,502,114,105,143,6,899,546,96,102
2,432,325,68,234,0,0,0,0,0
3,595,300,141,287,0,0,0,0,0
4,447,580,78,135,0,0,0,0,0
0,0,0,0,0,0,0,0,0,0
0,0,0,0,0,0,0,0,0,0
0,0,0,0,0,0,0,0,0,0
0,0,0,0,0,0,0,0,0,0
0,0,0,0,0,0,0,0,0,0
0,0,0,0,0,0,0,0,0,0
Frame:20 
0,0,0,0,0
0,0,0,0,0
0,0,0,0,0
0,0,0,0,0
0,0,0,0,0
0,0,0,0,0
0,0,0,0,0
0,0,0,0,0
0,0,0,0,0
0,0,0,0,0
Frame:21 
0,0,0,0,0
0,0,0,0,0
0,0,0,0,0
0,0,0,0,0
0,0,0,0,0
0,0,0,0,0
0,0,0,0,0
0,0,0,0,0
0,0,0,0,0
0,0,0,0,0
