Frame:1 
1,378,361,30,39,11,370,432,18,26
2,369,409,15,38,0,0,0,0,0
3,379,405,54,45,0,0,0,0,0
4,360,481,32,95,0,0,0,0,0
5,396,480,23,99,0,0,0,0,0
0,0,0,0,0,0,0,0,0,0
0,0,0,0,0,0,0,0,0,0
0,0,0,0,0,0,0,0,0,0
0,0,0,0,0,0,0,0,0,0
0,0,0,0,0,0,0,0,0,0
Frame:2 
1,357,366,30,35,11,355,450,12,21
3,366,411,35,63,0,0,0,0,0
4,348,480,36,104,0,0,0,0,0
5,393,478,21,104,0,0,0,0,0
0,0,0,0,0,0,0,0,0,0
0,0,0,0,0,0,0,0,0,0
0,0,0,0,0,0,0,0,0,0
0,0,0,0,0,0,0,0,0,0
0,0,0,0,0,0,0,0,0,0
0,0,0,0,0,0,0,0,0,0
Frame:3 
1,318,384,33,36,11,318,571,15,20
2,330,426,12,75,0,0,0,0,0
3,327,418,45,59,0,0,0,0,0
4,337,483,27,92,0,0,0,0,0
5,369,483,36,99,0,0,0,0,0
0,0,0,0,0,0,0,0,0,0
0,0,0,0,0,0,0,0,0,0
0,0,0,0,0,0,0,0,0,0
0,0,0,0,0,0,0,0,0,0
0,0,0,0,0,0,0,0,0,0
Frame:4 
1,330,487,29,36
2,325,514,20,63
3,357,496,26,78
4,336,525,32,59
5,375,484,33,102
0,0,0,0,0
0,0,0,0,0
0,0,0,0,0
0,0,0,0,0
0,0,0,0,0
