Frame:1 
1,684,226,30,44
2,641,286,24,71
3,720,283,35,80
4,639,375,47,155
5,696,382,32,144
0,0,0,0,0
0,0,0,0,0
0,0,0,0,0
0,0,0,0,0
0,0,0,0,0
Frame:2 
1,684,226,30,44
2,641,286,24,71
3,720,283,35,80
4,639,375,47,155
5,696,382,32,144
0,0,0,0,0
0,0,0,0,0
0,0,0,0,0
0,0,0,0,0
0,0,0,0,0
Frame:3 
1,684,226,30,44
2,641,286,24,71
3,720,283,35,80
4,639,375,47,155
5,696,382,32,144
0,0,0,0,0
0,0,0,0,0
0,0,0,0,0
0,0,0,0,0
0,0,0,0,0
Frame:4 
1,684,226,30,44
2,641,286,24,71
3,720,283,35,80
4,639,375,47,155
5,696,382,32,144
0,0,0,0,0
0,0,0,0,0
0,0,0,0,0
0,0,0,0,0
0,0,0,0,0
Frame:5 
1,672,223,41,54,1,1065,4,122,72
2,637,285,35,81,2,947,120,152,423
3,705,288,32,66,4,1064,507,98,209
4,654,375,29,159,5,1191,517,62,207
5,690,378,30,153,0,0,0,0,0
0,0,0,0,0,0,0,0,0,0
0,0,0,0,0,0,0,0,0,0
0,0,0,0,0,0,0,0,0,0
0,0,0,0,0,0,0,0,0,0
0,0,0,0,0,0,0,0,0,0
Frame:6 
1,662,228,42,44,1,846,84,71,81
2,628,285,29,75,2,812,196,60,260
3,707,286,30,75,4,788,442,75,233
4,651,375,38,146,5,896,436,80,282
5,693,378,35,146,0,0,0,0,0
0,0,0,0,0,0,0,0,0,0
0,0,0,0,0,0,0,0,0,0
0,0,0,0,0,0,0,0,0,0
0,0,0,0,0,0,0,0,0,0
0,0,0,0,0,0,0,0,0,0
Frame:7 
2,639,282,29,87,1,731,130,48,60
4,659,346,32,173,2,654,220,60,150
5,686,366,30,164,3,801,226,38,167
0,0,0,0,0,4,720,400,50,227
0,0,0,0,0,5,707,399,86,179
0,0,0,0,0,0,0,0,0,0
0,0,0,0,0,0,0,0,0,0
0,0,0,0,0,0,0,0,0,0
0,0,0,0,0,0,0,0,0,0
0,0,0,0,0,0,0,0,0,0
Frame:8 
1,657,148,38,50
2,603,223,35,143
3,713,220,41,137
4,639,355,39,183
5,680,351,41,179
0,0,0,0,0
0,0,0,0,0
0,0,0,0,0
0,0,0,0,0
0,0,0,0,0
Frame:9 
1,702,240,32,48,1,631,178,42,51
2,677,292,21,65,2,636,231,60,114
3,720,295,24,63,4,591,367,36,159
4,678,378,26,122,5,630,352,66,161
5,702,375,32,125,0,0,0,0,0
0,0,0,0,0,0,0,0,0,0
0,0,0,0,0,0,0,0,0,0
0,0,0,0,0,0,0,0,0,0
0,0,0,0,0,0,0,0,0,0
0,0,0,0,0,0,0,0,0,0
Frame:10 
1,701,240,35,42,1,577,159,41,60
2,674,285,23,81,3,573,241,68,132
3,735,289,21,81,5,552,352,50,194
4,671,369,27,123,0,0,0,0,0
5,705,381,35,123,0,0,0,0,0
0,0,0,0,0,0,0,0,0,0
0,0,0,0,0,0,0,0,0,0
0,0,0,0,0,0,0,0,0,0
0,0,0,0,0,0,0,0,0,0
0,0,0,0,0,0,0,0,0,0
Frame:11 
1,701,240,35,42,1,577,159,41,60
2,674,285,23,81,3,573,241,68,132
3,735,289,21,81,5,552,352,50,194
4,671,369,27,123,0,0,0,0,0
5,705,381,35,123,0,0,0,0,0
0,0,0,0,0,0,0,0,0,0
0,0,0,0,0,0,0,0,0,0
0,0,0,0,0,0,0,0,0,0
0,0,0,0,0,0,0,0,0,0
0,0,0,0,0,0,0,0,0,0
Frame:12 
1,701,240,35,42,1,577,159,41,60
2,674,285,23,81,3,573,241,68,132
3,735,289,21,81,5,552,352,50,194
4,671,369,27,123,0,0,0,0,0
5,705,381,35,123,0,0,0,0,0
0,0,0,0,0,0,0,0,0,0
0,0,0,0,0,0,0,0,0,0
0,0,0,0,0,0,0,0,0,0
0,0,0,0,0,0,0,0,0,0
0,0,0,0,0,0,0,0,0,0
Frame:13 
1,701,240,35,42,1,577,159,41,60
2,674,285,23,81,3,573,241,68,132
3,735,289,21,81,5,552,352,50,194
4,671,369,27,123,0,0,0,0,0
5,705,381,35,123,0,0,0,0,0
0,0,0,0,0,0,0,0,0,0
0,0,0,0,0,0,0,0,0,0
0,0,0,0,0,0,0,0,0,0
0,0,0,0,0,0,0,0,0,0
0,0,0,0,0,0,0,0,0,0
Frame:14 
1,701,240,35,42,1,577,159,41,60
2,674,285,23,81,3,573,241,68,132
3,735,289,21,81,5,552,352,50,194
4,671,369,27,123,0,0,0,0,0
5,705,381,35,123,0,0,0,0,0
0,0,0,0,0,0,0,0,0,0
0,0,0,0,0,0,0,0,0,0
0,0,0,0,0,0,0,0,0,0
0,0,0,0,0,0,0,0,0,0
0,0,0,0,0,0,0,0,0,0
