Frame:1 
1,671,294,17,23
2,653,312,17,53
3,683,321,15,42
4,666,355,11,56
5,680,357,14,53
0,0,0,0,0
0,0,0,0,0
0,0,0,0,0
0,0,0,0,0
0,0,0,0,0
Frame:2 
1,671,294,17,23
2,653,312,17,53
3,683,321,15,42
4,666,355,11,56
5,680,357,14,53
0,0,0,0,0
0,0,0,0,0
0,0,0,0,0
0,0,0,0,0
0,0,0,0,0
Frame:3 
1,671,294,17,23
2,653,312,17,53
3,683,321,15,42
4,666,355,11,56
5,680,357,14,53
0,0,0,0,0
0,0,0,0,0
0,0,0,0,0
0,0,0,0,0
0,0,0,0,0
Frame:4 
1,671,294,17,23
2,653,312,17,53
3,683,321,15,42
4,666,355,11,56
5,680,357,14,53
0,0,0,0,0
0,0,0,0,0
0,0,0,0,0
0,0,0,0,0
0,0,0,0,0
Frame:5 
1,671,294,17,23
2,653,312,17,53
3,683,321,15,42
4,666,355,11,56
5,680,357,14,53
0,0,0,0,0
0,0,0,0,0
0,0,0,0,0
0,0,0,0,0
0,0,0,0,0
Frame:6 
1,671,294,17,23
2,653,312,17,53
3,683,321,15,42
4,666,355,11,56
5,680,357,14,53
0,0,0,0,0
0,0,0,0,0
0,0,0,0,0
0,0,0,0,0
0,0,0,0,0
Frame:7 
1,671,294,17,23
2,653,312,17,53
3,683,321,15,42
4,666,355,11,56
5,680,357,14,53
0,0,0,0,0
0,0,0,0,0
0,0,0,0,0
0,0,0,0,0
0,0,0,0,0
Frame:8 
1,672,286,18,29,1,1170,304,20,29
2,657,309,14,51,3,1133,340,63,23
3,684,315,15,50,2,1205,354,24,24
4,663,360,12,51,4,1143,393,32,53
5,677,363,15,50,5,1184,387,53,72
0,0,0,0,0,0,0,0,0,0
0,0,0,0,0,0,0,0,0,0
0,0,0,0,0,0,0,0,0,0
0,0,0,0,0,0,0,0,0,0
0,0,0,0,0,0,0,0,0,0
Frame:9 
1,669,289,23,23,1,1044,304,23,23
2,656,316,15,50,2,1073,342,26,32
3,683,318,17,45,3,1011,337,47,23
4,663,366,17,47,4,1013,387,41,63
5,683,366,11,47,5,1059,379,35,71
0,0,0,0,0,0,0,0,0,0
0,0,0,0,0,0,0,0,0,0
0,0,0,0,0,0,0,0,0,0
0,0,0,0,0,0,0,0,0,0
0,0,0,0,0,0,0,0,0,0
Frame:10 
1,671,288,18,24,1,941,298,21,26
2,654,312,18,54,3,924,331,29,39
3,686,313,14,53,5,939,373,26,62
4,660,361,14,54,0,0,0,0,0
5,680,361,17,53,0,0,0,0,0
0,0,0,0,0,0,0,0,0,0
0,0,0,0,0,0,0,0,0,0
0,0,0,0,0,0,0,0,0,0
0,0,0,0,0,0,0,0,0,0
0,0,0,0,0,0,0,0,0,0
Frame:11 
1,669,288,17,26,1,842,303,20,21
2,654,313,15,56,3,842,327,17,47
3,689,318,11,47,4,851,378,36,44
4,668,361,11,56,5,837,372,15,56
5,683,357,12,60,0,0,0,0,0
0,0,0,0,0,0,0,0,0,0
0,0,0,0,0,0,0,0,0,0
0,0,0,0,0,0,0,0,0,0
0,0,0,0,0,0,0,0,0,0
0,0,0,0,0,0,0,0,0,0
Frame:12 
1,672,289,18,27,1,750,303,18,23
2,657,312,14,54,3,755,325,30,29
3,687,318,9,47,4,761,373,36,54
4,657,361,18,59,5,725,367,32,54
5,680,360,14,54,0,0,0,0,0
0,0,0,0,0,0,0,0,0,0
0,0,0,0,0,0,0,0,0,0
0,0,0,0,0,0,0,0,0,0
0,0,0,0,0,0,0,0,0,0
0,0,0,0,0,0,0,0,0,0
Frame:13 
1,675,288,15,26,1,668,304,17,17
3,681,319,17,39,3,660,327,23,38
5,678,379,11,36,4,678,367,17,50
0,0,0,0,0,5,659,360,23,56
0,0,0,0,0,0,0,0,0,0
0,0,0,0,0,0,0,0,0,0
0,0,0,0,0,0,0,0,0,0
0,0,0,0,0,0,0,0,0,0
0,0,0,0,0,0,0,0,0,0
0,0,0,0,0,0,0,0,0,0
Frame:14 
1,665,298,14,23,1,625,310,17,20
2,651,319,21,24,2,636,330,23,41
3,678,321,17,47,3,603,327,23,36
4,651,355,17,54,4,619,363,23,54
5,671,360,11,56,5,631,364,15,48
0,0,0,0,0,0,0,0,0,0
0,0,0,0,0,0,0,0,0,0
0,0,0,0,0,0,0,0,0,0
0,0,0,0,0,0,0,0,0,0
0,0,0,0,0,0,0,0,0,0
Frame:15 
1,674,289,18,24,1,612,298,21,26
2,660,318,27,29,2,622,331,15,41
3,690,318,14,35,4,624,361,11,56
4,666,355,14,59,5,607,361,15,53
5,684,358,14,50,0,0,0,0,0
0,0,0,0,0,0,0,0,0,0
0,0,0,0,0,0,0,0,0,0
0,0,0,0,0,0,0,0,0,0
0,0,0,0,0,0,0,0,0,0
0,0,0,0,0,0,0,0,0,0
Frame:16 
1,674,289,18,24,1,612,298,21,26
2,660,318,27,29,2,622,331,15,41
3,690,318,14,35,4,624,361,11,56
4,666,355,14,59,5,607,361,15,53
5,684,358,14,50,0,0,0,0,0
0,0,0,0,0,0,0,0,0,0
0,0,0,0,0,0,0,0,0,0
0,0,0,0,0,0,0,0,0,0
0,0,0,0,0,0,0,0,0,0
0,0,0,0,0,0,0,0,0,0
Frame:17 
1,674,289,18,24,1,612,298,21,26
2,660,318,27,29,2,622,331,15,41
3,690,318,14,35,4,624,361,11,56
4,666,355,14,59,5,607,361,15,53
5,684,358,14,50,0,0,0,0,0
0,0,0,0,0,0,0,0,0,0
0,0,0,0,0,0,0,0,0,0
0,0,0,0,0,0,0,0,0,0
0,0,0,0,0,0,0,0,0,0
0,0,0,0,0,0,0,0,0,0
