Frame:1 
1,1013,271,23,26
2,998,300,14,50
3,1035,300,18,53
4,1008,346,18,65
5,1028,346,18,72
0,0,0,0,0
0,0,0,0,0
0,0,0,0,0
0,0,0,0,0
0,0,0,0,0
Frame:2 
1,1013,271,23,26
2,998,300,14,50
3,1035,300,18,53
4,1008,346,18,65
5,1028,346,18,72
0,0,0,0,0
0,0,0,0,0
0,0,0,0,0
0,0,0,0,0
0,0,0,0,0
Frame:3 
1,1013,271,23,26
2,998,300,14,50
3,1035,300,18,53
4,1008,346,18,65
5,1028,346,18,72
0,0,0,0,0
0,0,0,0,0
0,0,0,0,0
0,0,0,0,0
0,0,0,0,0
Frame:4 
1,1013,271,23,26
2,998,300,14,50
3,1035,300,18,53
4,1008,346,18,65
5,1028,346,18,72
0,0,0,0,0
0,0,0,0,0
0,0,0,0,0
0,0,0,0,0
0,0,0,0,0
Frame:5 
1,1013,271,23,26
2,998,300,14,50
3,1035,300,18,53
4,1008,346,18,65
5,1028,346,18,72
0,0,0,0,0
0,0,0,0,0
0,0,0,0,0
0,0,0,0,0
0,0,0,0,0
Frame:6 
1,1013,271,23,26
2,998,300,14,50
3,1035,300,18,53
4,1008,346,18,65
5,1028,346,18,72
0,0,0,0,0
0,0,0,0,0
0,0,0,0,0
0,0,0,0,0
0,0,0,0,0
Frame:7 
1,1013,271,23,26
2,998,300,14,50
3,1035,300,18,53
4,1008,346,18,65
5,1028,346,18,72
0,0,0,0,0
0,0,0,0,0
0,0,0,0,0
0,0,0,0,0
0,0,0,0,0
Frame:8 
1,1013,271,23,26
2,998,300,14,50
3,1035,300,18,53
4,1008,346,18,65
5,1028,346,18,72
0,0,0,0,0
0,0,0,0,0
0,0,0,0,0
0,0,0,0,0
0,0,0,0,0
Frame:9 
1,1013,271,23,26
2,998,300,14,50
3,1035,300,18,53
4,1008,346,18,65
5,1028,346,18,72
0,0,0,0,0
0,0,0,0,0
0,0,0,0,0
0,0,0,0,0
0,0,0,0,0
Frame:10 
1,1010,270,30,27,1,240,226,53,54
2,1002,298,15,41,2,271,306,63,117
3,1025,300,29,39,3,190,307,32,117
4,1010,343,12,74,4,168,426,102,182
5,1023,343,20,80,5,268,433,86,146
0,0,0,0,0,0,0,0,0,0
0,0,0,0,0,0,0,0,0,0
0,0,0,0,0,0,0,0,0,0
0,0,0,0,0,0,0,0,0,0
0,0,0,0,0,0,0,0,0,0
Frame:11 
1,1011,270,30,30,1,451,210,38,45
3,1023,297,30,51,2,468,279,44,113
4,1010,346,21,68,3,396,259,33,140
5,1023,348,21,75,4,441,387,44,155
0,0,0,0,0,5,411,442,50,96
0,0,0,0,0,0,0,0,0,0
0,0,0,0,0,0,0,0,0,0
0,0,0,0,0,0,0,0,0,0
0,0,0,0,0,0,0,0,0,0
0,0,0,0,0,0,0,0,0,0
Frame:12 
1,1013,271,26,26,1,603,217,35,38
3,1022,307,29,33,2,612,276,27,117
4,1004,352,20,66,4,621,375,78,116
5,1025,346,18,72,5,549,367,42,143
0,0,0,0,0,0,0,0,0,0
0,0,0,0,0,0,0,0,0,0
0,0,0,0,0,0,0,0,0,0
0,0,0,0,0,0,0,0,0,0
0,0,0,0,0,0,0,0,0,0
0,0,0,0,0,0,0,0,0,0
Frame:13 
1,1016,267,23,39,1,722,223,29,35
3,1017,306,32,36,3,692,258,24,107
4,1007,351,20,66,2,740,262,39,95
5,1025,351,20,69,4,705,361,57,107
0,0,0,0,0,5,725,369,39,105
0,0,0,0,0,0,0,0,0,0
0,0,0,0,0,0,0,0,0,0
0,0,0,0,0,0,0,0,0,0
0,0,0,0,0,0,0,0,0,0
0,0,0,0,0,0,0,0,0,0
Frame:14 
1,1014,265,26,32,1,812,226,29,38
3,1025,295,27,50,2,833,265,32,86
4,1010,349,15,69,3,770,276,24,83
5,1029,346,18,78,4,806,348,30,108
0,0,0,0,0,5,824,364,30,80
0,0,0,0,0,0,0,0,0,0
0,0,0,0,0,0,0,0,0,0
0,0,0,0,0,0,0,0,0,0
0,0,0,0,0,0,0,0,0,0
0,0,0,0,0,0,0,0,0,0
Frame:15 
1,1010,273,26,24,1,887,234,26,32
3,1028,300,29,39,2,888,270,32,80
4,1007,346,20,74,4,894,342,38,92
5,1025,348,23,72,5,851,340,41,90
0,0,0,0,0,0,0,0,0,0
0,0,0,0,0,0,0,0,0,0
0,0,0,0,0,0,0,0,0,0
0,0,0,0,0,0,0,0,0,0
0,0,0,0,0,0,0,0,0,0
0,0,0,0,0,0,0,0,0,0
Frame:16 
1,1011,270,27,29,1,947,231,32,39
3,1022,306,26,39,2,968,277,26,66
4,1010,343,15,72,3,929,279,24,59
5,1022,349,23,72,4,956,343,36,75
0,0,0,0,0,5,939,343,18,89
0,0,0,0,0,0,0,0,0,0
0,0,0,0,0,0,0,0,0,0
0,0,0,0,0,0,0,0,0,0
0,0,0,0,0,0,0,0,0,0
0,0,0,0,0,0,0,0,0,0
Frame:17 
1,1025,265,26,29,1,999,241,23,29
3,1037,300,29,47,2,1017,276,27,62
4,1016,345,14,63,3,969,268,18,72
5,1029,348,21,65,4,996,342,26,66
0,0,0,0,0,0,0,0,0,0
0,0,0,0,0,0,0,0,0,0
0,0,0,0,0,0,0,0,0,0
0,0,0,0,0,0,0,0,0,0
0,0,0,0,0,0,0,0,0,0
0,0,0,0,0,0,0,0,0,0
Frame:18 
1,1032,267,29,30,1,962,229,29,26
3,1059,306,26,32,2,980,267,32,66
2,1026,303,14,39,4,977,327,23,87
4,1035,349,14,60,5,960,349,21,69
5,1050,352,23,63,0,0,0,0,0
0,0,0,0,0,0,0,0,0,0
0,0,0,0,0,0,0,0,0,0
0,0,0,0,0,0,0,0,0,0
0,0,0,0,0,0,0,0,0,0
0,0,0,0,0,0,0,0,0,0
Frame:19 
1,1031,277,23,26,1,954,234,24,35
3,1046,303,27,42,2,947,265,20,68
2,1017,306,12,35,4,948,322,24,86
4,1020,340,18,62,0,0,0,0,0
5,1037,343,21,62,0,0,0,0,0
0,0,0,0,0,0,0,0,0,0
0,0,0,0,0,0,0,0,0,0
0,0,0,0,0,0,0,0,0,0
0,0,0,0,0,0,0,0,0,0
0,0,0,0,0,0,0,0,0,0
Frame:20 
1,1031,277,23,26,1,954,234,24,35
3,1046,303,27,42,2,947,265,20,68
2,1017,306,12,35,4,948,322,24,86
4,1020,340,18,62,0,0,0,0,0
5,1037,343,21,62,0,0,0,0,0
0,0,0,0,0,0,0,0,0,0
0,0,0,0,0,0,0,0,0,0
0,0,0,0,0,0,0,0,0,0
0,0,0,0,0,0,0,0,0,0
0,0,0,0,0,0,0,0,0,0
Frame:21 
1,1031,277,23,26,1,954,234,24,35
3,1046,303,27,42,2,947,265,20,68
2,1017,306,12,35,4,948,322,24,86
4,1020,340,18,62,0,0,0,0,0
5,1037,343,21,62,0,0,0,0,0
0,0,0,0,0,0,0,0,0,0
0,0,0,0,0,0,0,0,0,0
0,0,0,0,0,0,0,0,0,0
0,0,0,0,0,0,0,0,0,0
0,0,0,0,0,0,0,0,0,0
Frame:22 
1,1031,277,23,26,1,954,234,24,35
3,1046,303,27,42,2,947,265,20,68
2,1017,306,12,35,4,948,322,24,86
4,1020,340,18,62,0,0,0,0,0
5,1037,343,21,62,0,0,0,0,0
0,0,0,0,0,0,0,0,0,0
0,0,0,0,0,0,0,0,0,0
0,0,0,0,0,0,0,0,0,0
0,0,0,0,0,0,0,0,0,0
0,0,0,0,0,0,0,0,0,0
