Frame:1 
1,722,262,45,47
3,737,313,56,65
5,735,388,39,138
0,0,0,0,0
0,0,0,0,0
0,0,0,0,0
0,0,0,0,0
0,0,0,0,0
0,0,0,0,0
0,0,0,0,0
Frame:2 
1,716,270,41,44
3,726,324,42,59
4,719,433,24,83
5,735,396,32,128
0,0,0,0,0
0,0,0,0,0
0,0,0,0,0
0,0,0,0,0
0,0,0,0,0
0,0,0,0,0
Frame:3 
1,710,268,36,33
3,725,316,33,62
5,714,391,36,125
0,0,0,0,0
0,0,0,0,0
0,0,0,0,0
0,0,0,0,0
0,0,0,0,0
0,0,0,0,0
0,0,0,0,0
Frame:4 
1,710,268,36,33
3,725,316,33,62
5,714,391,36,125
0,0,0,0,0
0,0,0,0,0
0,0,0,0,0
0,0,0,0,0
0,0,0,0,0
0,0,0,0,0
0,0,0,0,0
Frame:5 
1,710,268,36,33
3,725,316,33,62
5,714,391,36,125
0,0,0,0,0
0,0,0,0,0
0,0,0,0,0
0,0,0,0,0
0,0,0,0,0
0,0,0,0,0
0,0,0,0,0
Frame:6 
1,710,268,36,33
3,725,316,33,62
5,714,391,36,125
0,0,0,0,0
0,0,0,0,0
0,0,0,0,0
0,0,0,0,0
0,0,0,0,0
0,0,0,0,0
0,0,0,0,0
Frame:7 
1,710,268,36,33
3,725,316,33,62
5,714,391,36,125
0,0,0,0,0
0,0,0,0,0
0,0,0,0,0
0,0,0,0,0
0,0,0,0,0
0,0,0,0,0
0,0,0,0,0
Frame:8 
1,710,268,36,33
3,725,316,33,62
5,714,391,36,125
0,0,0,0,0
0,0,0,0,0
0,0,0,0,0
0,0,0,0,0
0,0,0,0,0
0,0,0,0,0
0,0,0,0,0
Frame:9 
1,710,268,36,33
3,725,316,33,62
5,714,391,36,125
0,0,0,0,0
0,0,0,0,0
0,0,0,0,0
0,0,0,0,0
0,0,0,0,0
0,0,0,0,0
0,0,0,0,0
Frame:10 
1,720,267,30,35,1,154,226,48,53
3,728,313,48,72,3,166,304,80,98
5,722,391,38,140,2,132,301,50,152
0,0,0,0,0,4,180,427,107,165
0,0,0,0,0,5,76,451,93,143
0,0,0,0,0,0,0,0,0,0
0,0,0,0,0,0,0,0,0,0
0,0,0,0,0,0,0,0,0,0
0,0,0,0,0,0,0,0,0,0
0,0,0,0,0,0,0,0,0,0
Frame:11 
1,716,264,36,38,1,375,204,39,53
3,723,313,44,72,2,375,271,51,126
5,722,399,33,137,4,348,402,71,144
0,0,0,0,0,5,385,424,51,134
0,0,0,0,0,0,0,0,0,0
0,0,0,0,0,0,0,0,0,0
0,0,0,0,0,0,0,0,0,0
0,0,0,0,0,0,0,0,0,0
0,0,0,0,0,0,0,0,0,0
0,0,0,0,0,0,0,0,0,0
Frame:12 
1,716,259,32,41,1,565,208,32,44
3,719,316,42,65,2,564,276,66,119
5,720,396,38,131,3,511,283,27,90
0,0,0,0,0,4,517,381,47,174
0,0,0,0,0,5,576,402,66,120
0,0,0,0,0,0,0,0,0,0
0,0,0,0,0,0,0,0,0,0
0,0,0,0,0,0,0,0,0,0
0,0,0,0,0,0,0,0,0,0
0,0,0,0,0,0,0,0,0,0
Frame:13 
1,723,259,32,42,1,695,213,38,38
3,719,322,45,75,2,699,262,35,117
5,725,394,39,143,4,686,375,53,141
0,0,0,0,0,5,639,382,51,144
0,0,0,0,0,0,0,0,0,0
0,0,0,0,0,0,0,0,0,0
0,0,0,0,0,0,0,0,0,0
0,0,0,0,0,0,0,0,0,0
0,0,0,0,0,0,0,0,0,0
0,0,0,0,0,0,0,0,0,0
Frame:14 
1,833,268,39,45,1,662,213,29,44
2,806,309,14,65,2,628,274,33,105
3,849,321,36,63,3,656,271,66,59
4,857,444,35,77,4,633,388,30,120
5,825,402,39,128,5,678,390,36,126
0,0,0,0,0,0,0,0,0,0
0,0,0,0,0,0,0,0,0,0
0,0,0,0,0,0,0,0,0,0
0,0,0,0,0,0,0,0,0,0
0,0,0,0,0,0,0,0,0,0
Frame:15 
1,833,268,39,45,1,662,213,29,44
2,806,309,14,65,2,628,274,33,105
3,849,321,36,63,3,656,271,66,59
4,857,444,35,77,4,633,388,30,120
5,825,402,39,128,5,678,390,36,126
0,0,0,0,0,0,0,0,0,0
0,0,0,0,0,0,0,0,0,0
0,0,0,0,0,0,0,0,0,0
0,0,0,0,0,0,0,0,0,0
0,0,0,0,0,0,0,0,0,0
Frame:16 
1,782,262,35,35,1,624,220,36,36
3,771,313,38,63,2,606,273,29,99
5,773,397,36,123,3,647,268,39,63
0,0,0,0,0,4,612,378,21,119
0,0,0,0,0,5,648,381,24,114
0,0,0,0,0,0,0,0,0,0
0,0,0,0,0,0,0,0,0,0
0,0,0,0,0,0,0,0,0,0
0,0,0,0,0,0,0,0,0,0
0,0,0,0,0,0,0,0,0,0
Frame:17 
1,782,262,35,35,1,624,220,36,36
3,771,313,38,63,2,606,273,29,99
5,773,397,36,123,3,647,268,39,63
0,0,0,0,0,4,612,378,21,119
0,0,0,0,0,5,648,381,24,114
0,0,0,0,0,0,0,0,0,0
0,0,0,0,0,0,0,0,0,0
0,0,0,0,0,0,0,0,0,0
0,0,0,0,0,0,0,0,0,0
0,0,0,0,0,0,0,0,0,0
