Frame:1 
1,633,217,21,27,11,665,348,23,23
2,628,250,15,63,0,0,0,0,0
4,633,295,17,75,0,0,0,0,0
6,627,243,24,59,0,0,0,0,0
0,0,0,0,0,0,0,0,0,0
0,0,0,0,0,0,0,0,0,0
0,0,0,0,0,0,0,0,0,0
0,0,0,0,0,0,0,0,0,0
0,0,0,0,0,0,0,0,0,0
0,0,0,0,0,0,0,0,0,0
Frame:2 
1,633,217,21,27,11,665,348,23,23
2,628,250,15,63,0,0,0,0,0
4,633,295,17,75,0,0,0,0,0
6,627,243,24,59,0,0,0,0,0
0,0,0,0,0,0,0,0,0,0
0,0,0,0,0,0,0,0,0,0
0,0,0,0,0,0,0,0,0,0
0,0,0,0,0,0,0,0,0,0
0,0,0,0,0,0,0,0,0,0
0,0,0,0,0,0,0,0,0,0
Frame:3 
1,633,217,21,27,11,665,348,23,23
2,628,250,15,63,0,0,0,0,0
4,633,295,17,75,0,0,0,0,0
6,627,243,24,59,0,0,0,0,0
0,0,0,0,0,0,0,0,0,0
0,0,0,0,0,0,0,0,0,0
0,0,0,0,0,0,0,0,0,0
0,0,0,0,0,0,0,0,0,0
0,0,0,0,0,0,0,0,0,0
0,0,0,0,0,0,0,0,0,0
Frame:4 
1,633,217,21,27,11,665,348,23,23
2,628,250,15,63,0,0,0,0,0
4,633,295,17,75,0,0,0,0,0
6,627,243,24,59,0,0,0,0,0
0,0,0,0,0,0,0,0,0,0
0,0,0,0,0,0,0,0,0,0
0,0,0,0,0,0,0,0,0,0
0,0,0,0,0,0,0,0,0,0
0,0,0,0,0,0,0,0,0,0
0,0,0,0,0,0,0,0,0,0
Frame:5 
1,633,217,21,27,11,665,348,23,23
2,628,250,15,63,0,0,0,0,0
4,633,295,17,75,0,0,0,0,0
6,627,243,24,59,0,0,0,0,0
0,0,0,0,0,0,0,0,0,0
0,0,0,0,0,0,0,0,0,0
0,0,0,0,0,0,0,0,0,0
0,0,0,0,0,0,0,0,0,0
0,0,0,0,0,0,0,0,0,0
0,0,0,0,0,0,0,0,0,0
Frame:6 
1,633,217,21,27,11,665,348,23,23
2,628,250,15,63,0,0,0,0,0
4,633,295,17,75,0,0,0,0,0
6,627,243,24,59,0,0,0,0,0
0,0,0,0,0,0,0,0,0,0
0,0,0,0,0,0,0,0,0,0
0,0,0,0,0,0,0,0,0,0
0,0,0,0,0,0,0,0,0,0
0,0,0,0,0,0,0,0,0,0
0,0,0,0,0,0,0,0,0,0
Frame:7 
1,633,217,21,27,11,665,348,23,23
2,628,250,15,63,0,0,0,0,0
4,633,295,17,75,0,0,0,0,0
6,627,243,24,59,0,0,0,0,0
0,0,0,0,0,0,0,0,0,0
0,0,0,0,0,0,0,0,0,0
0,0,0,0,0,0,0,0,0,0
0,0,0,0,0,0,0,0,0,0
0,0,0,0,0,0,0,0,0,0
0,0,0,0,0,0,0,0,0,0
Frame:8 
1,633,217,21,27,11,665,348,23,23
2,628,250,15,63,0,0,0,0,0
4,633,295,17,75,0,0,0,0,0
6,627,243,24,59,0,0,0,0,0
0,0,0,0,0,0,0,0,0,0
0,0,0,0,0,0,0,0,0,0
0,0,0,0,0,0,0,0,0,0
0,0,0,0,0,0,0,0,0,0
0,0,0,0,0,0,0,0,0,0
0,0,0,0,0,0,0,0,0,0
Frame:9 
1,633,217,21,27,11,665,348,23,23
2,628,250,15,63,0,0,0,0,0
4,633,295,17,75,0,0,0,0,0
6,627,243,24,59,0,0,0,0,0
0,0,0,0,0,0,0,0,0,0
0,0,0,0,0,0,0,0,0,0
0,0,0,0,0,0,0,0,0,0
0,0,0,0,0,0,0,0,0,0
0,0,0,0,0,0,0,0,0,0
0,0,0,0,0,0,0,0,0,0
Frame:10 
1,627,220,26,27,11,663,346,27,29
2,609,249,17,57,0,0,0,0,0
4,619,300,26,69,0,0,0,0,0
5,615,303,12,68,0,0,0,0,0
6,619,241,18,65,0,0,0,0,0
0,0,0,0,0,0,0,0,0,0
0,0,0,0,0,0,0,0,0,0
0,0,0,0,0,0,0,0,0,0
0,0,0,0,0,0,0,0,0,0
0,0,0,0,0,0,0,0,0,0
Frame:11 
1,625,223,26,27,11,656,343,36,33
2,606,250,27,57,0,0,0,0,0
4,625,297,39,72,0,0,0,0,0
5,586,298,33,74,0,0,0,0,0
6,621,246,18,62,0,0,0,0,0
0,0,0,0,0,0,0,0,0,0
0,0,0,0,0,0,0,0,0,0
0,0,0,0,0,0,0,0,0,0
0,0,0,0,0,0,0,0,0,0
0,0,0,0,0,0,0,0,0,0
Frame:12 
1,630,220,26,26,11,1167,348,35,41
2,630,246,29,57,0,0,0,0,0
4,645,292,36,69,0,0,0,0,0
5,630,288,12,80,0,0,0,0,0
6,628,246,23,51,0,0,0,0,0
0,0,0,0,0,0,0,0,0,0
0,0,0,0,0,0,0,0,0,0
0,0,0,0,0,0,0,0,0,0
0,0,0,0,0,0,0,0,0,0
0,0,0,0,0,0,0,0,0,0
Frame:13 
1,630,211,29,35
2,630,250,23,60
4,628,291,24,83
6,627,243,27,56
0,0,0,0,0
0,0,0,0,0
0,0,0,0,0
0,0,0,0,0
0,0,0,0,0
0,0,0,0,0