Frame:1 
1,196,199,21,23,11,237,306,20,24
2,184,219,12,45,0,0,0,0,0
3,219,220,14,48,0,0,0,0,0
4,195,259,17,63,0,0,0,0,0
5,211,259,17,66,0,0,0,0,0
6,195,219,30,47,0,0,0,0,0
0,0,0,0,0,0,0,0,0,0
0,0,0,0,0,0,0,0,0,0
0,0,0,0,0,0,0,0,0,0
0,0,0,0,0,0,0,0,0,0
Frame:2 
1,196,196,21,30,11,235,307,20,24
2,219,222,12,47,0,0,0,0,0
3,187,225,12,47,0,0,0,0,0
4,210,265,14,57,0,0,0,0,0
5,195,265,14,57,0,0,0,0,0
6,195,222,24,50,0,0,0,0,0
0,0,0,0,0,0,0,0,0,0
0,0,0,0,0,0,0,0,0,0
0,0,0,0,0,0,0,0,0,0
0,0,0,0,0,0,0,0,0,0
Frame:3 
1,196,196,21,30,11,235,307,20,24
2,219,222,12,47,0,0,0,0,0
3,187,225,12,47,0,0,0,0,0
4,210,265,14,57,0,0,0,0,0
5,195,265,14,57,0,0,0,0,0
6,195,222,24,50,0,0,0,0,0
0,0,0,0,0,0,0,0,0,0
0,0,0,0,0,0,0,0,0,0
0,0,0,0,0,0,0,0,0,0
0,0,0,0,0,0,0,0,0,0
Frame:4 
1,196,196,21,30,11,235,307,20,24
2,219,222,12,47,0,0,0,0,0
3,187,225,12,47,0,0,0,0,0
4,210,265,14,57,0,0,0,0,0
5,195,265,14,57,0,0,0,0,0
6,195,222,24,50,0,0,0,0,0
0,0,0,0,0,0,0,0,0,0
0,0,0,0,0,0,0,0,0,0
0,0,0,0,0,0,0,0,0,0
0,0,0,0,0,0,0,0,0,0
Frame:5 
1,196,196,21,30,11,235,307,20,24
2,219,222,12,47,0,0,0,0,0
3,187,225,12,47,0,0,0,0,0
4,210,265,14,57,0,0,0,0,0
5,195,265,14,57,0,0,0,0,0
6,195,222,24,50,0,0,0,0,0
0,0,0,0,0,0,0,0,0,0
0,0,0,0,0,0,0,0,0,0
0,0,0,0,0,0,0,0,0,0
0,0,0,0,0,0,0,0,0,0
Frame:6 
1,196,196,21,30,11,235,307,20,24
2,219,222,12,47,0,0,0,0,0
3,187,225,12,47,0,0,0,0,0
4,210,265,14,57,0,0,0,0,0
5,195,265,14,57,0,0,0,0,0
6,195,222,24,50,0,0,0,0,0
0,0,0,0,0,0,0,0,0,0
0,0,0,0,0,0,0,0,0,0
0,0,0,0,0,0,0,0,0,0
0,0,0,0,0,0,0,0,0,0
Frame:7 
1,196,196,21,30,11,235,307,20,24
2,219,222,12,47,0,0,0,0,0
3,187,225,12,47,0,0,0,0,0
4,210,265,14,57,0,0,0,0,0
5,195,265,14,57,0,0,0,0,0
6,195,222,24,50,0,0,0,0,0
0,0,0,0,0,0,0,0,0,0
0,0,0,0,0,0,0,0,0,0
0,0,0,0,0,0,0,0,0,0
0,0,0,0,0,0,0,0,0,0
Frame:8 
1,208,201,24,24,11,229,304,26,26
2,234,225,14,42,0,0,0,0,0
1,196,222,17,45,0,0,0,0,0
4,226,261,17,63,0,0,0,0,0
5,207,262,17,65,0,0,0,0,0
6,207,219,30,51,0,0,0,0,0
0,0,0,0,0,0,0,0,0,0
0,0,0,0,0,0,0,0,0,0
0,0,0,0,0,0,0,0,0,0
0,0,0,0,0,0,0,0,0,0
Frame:9 
1,225,202,26,30,11,234,304,21,27
2,253,225,12,42,0,0,0,0,0
3,214,231,11,45,0,0,0,0,0
4,246,270,17,51,0,0,0,0,0
5,220,270,15,54,0,0,0,0,0
6,223,226,32,45,0,0,0,0,0
0,0,0,0,0,0,0,0,0,0
0,0,0,0,0,0,0,0,0,0
0,0,0,0,0,0,0,0,0,0
0,0,0,0,0,0,0,0,0,0
Frame:10 
1,225,199,20,26,11,352,346,30,36
2,252,223,14,45,0,0,0,0,0
3,213,223,14,45,0,0,0,0,0
4,246,264,21,60,0,0,0,0,0
5,213,265,24,59,0,0,0,0,0
6,226,228,29,38,0,0,0,0,0
0,0,0,0,0,0,0,0,0,0
0,0,0,0,0,0,0,0,0,0
0,0,0,0,0,0,0,0,0,0
0,0,0,0,0,0,0,0,0,0
Frame:11 
1,202,196,23,27,11,625,441,41,47
2,228,219,14,48,0,0,0,0,0
3,192,225,12,42,0,0,0,0,0
4,219,262,17,63,0,0,0,0,0
5,204,261,17,65,0,0,0,0,0
6,199,222,32,47,0,0,0,0,0
0,0,0,0,0,0,0,0,0,0
0,0,0,0,0,0,0,0,0,0
0,0,0,0,0,0,0,0,0,0
0,0,0,0,0,0,0,0,0,0
Frame:12 
1,201,195,26,29
2,228,223,12,51
3,195,222,11,42
4,220,264,14,57
5,205,264,15,60
6,207,219,23,47
0,0,0,0,0
0,0,0,0,0
0,0,0,0,0
0,0,0,0,0