Frame:1 
1,492,195,32,44,11,604,400,39,42
2,471,244,24,69,0,0,0,0,0
4,474,316,36,119,0,0,0,0,0
5,510,313,32,114,0,0,0,0,0
6,486,238,44,84,0,0,0,0,0
0,0,0,0,0,0,0,0,0,0
0,0,0,0,0,0,0,0,0,0
0,0,0,0,0,0,0,0,0,0
0,0,0,0,0,0,0,0,0,0
0,0,0,0,0,0,0,0,0,0
Frame:2 
1,492,195,32,44,11,604,400,39,42
2,471,244,24,69,0,0,0,0,0
4,474,316,36,119,0,0,0,0,0
5,510,313,32,114,0,0,0,0,0
6,486,238,44,84,0,0,0,0,0
0,0,0,0,0,0,0,0,0,0
0,0,0,0,0,0,0,0,0,0
0,0,0,0,0,0,0,0,0,0
0,0,0,0,0,0,0,0,0,0
0,0,0,0,0,0,0,0,0,0
Frame:3 
1,492,195,32,44,11,604,400,39,42
2,471,244,24,69,0,0,0,0,0
4,474,316,36,119,0,0,0,0,0
5,510,313,32,114,0,0,0,0,0
6,486,238,44,84,0,0,0,0,0
0,0,0,0,0,0,0,0,0,0
0,0,0,0,0,0,0,0,0,0
0,0,0,0,0,0,0,0,0,0
0,0,0,0,0,0,0,0,0,0
0,0,0,0,0,0,0,0,0,0
Frame:4 
1,492,195,32,44,11,604,400,39,42
2,471,244,24,69,0,0,0,0,0
4,474,316,36,119,0,0,0,0,0
5,510,313,32,114,0,0,0,0,0
6,486,238,44,84,0,0,0,0,0
0,0,0,0,0,0,0,0,0,0
0,0,0,0,0,0,0,0,0,0
0,0,0,0,0,0,0,0,0,0
0,0,0,0,0,0,0,0,0,0
0,0,0,0,0,0,0,0,0,0
Frame:5 
1,492,195,32,44,11,604,400,39,42
2,471,244,24,69,0,0,0,0,0
4,474,316,36,119,0,0,0,0,0
5,510,313,32,114,0,0,0,0,0
6,486,238,44,84,0,0,0,0,0
0,0,0,0,0,0,0,0,0,0
0,0,0,0,0,0,0,0,0,0
0,0,0,0,0,0,0,0,0,0
0,0,0,0,0,0,0,0,0,0
0,0,0,0,0,0,0,0,0,0
Frame:6 
1,492,195,32,44,11,604,400,39,42
2,471,244,24,69,0,0,0,0,0
4,474,316,36,119,0,0,0,0,0
5,510,313,32,114,0,0,0,0,0
6,486,238,44,84,0,0,0,0,0
0,0,0,0,0,0,0,0,0,0
0,0,0,0,0,0,0,0,0,0
0,0,0,0,0,0,0,0,0,0
0,0,0,0,0,0,0,0,0,0
0,0,0,0,0,0,0,0,0,0
Frame:7 
1,492,195,32,44,11,604,400,39,42
2,471,244,24,69,0,0,0,0,0
4,474,316,36,119,0,0,0,0,0
5,510,313,32,114,0,0,0,0,0
6,486,238,44,84,0,0,0,0,0
0,0,0,0,0,0,0,0,0,0
0,0,0,0,0,0,0,0,0,0
0,0,0,0,0,0,0,0,0,0
0,0,0,0,0,0,0,0,0,0
0,0,0,0,0,0,0,0,0,0
Frame:8 
1,492,195,32,44,11,604,400,39,42
2,471,244,24,69,0,0,0,0,0
4,474,316,36,119,0,0,0,0,0
5,510,313,32,114,0,0,0,0,0
6,486,238,44,84,0,0,0,0,0
0,0,0,0,0,0,0,0,0,0
0,0,0,0,0,0,0,0,0,0
0,0,0,0,0,0,0,0,0,0
0,0,0,0,0,0,0,0,0,0
0,0,0,0,0,0,0,0,0,0
Frame:9 
1,492,195,32,44,11,604,400,39,42
2,471,244,24,69,0,0,0,0,0
4,474,316,36,119,0,0,0,0,0
5,510,313,32,114,0,0,0,0,0
6,486,238,44,84,0,0,0,0,0
0,0,0,0,0,0,0,0,0,0
0,0,0,0,0,0,0,0,0,0
0,0,0,0,0,0,0,0,0,0
0,0,0,0,0,0,0,0,0,0
0,0,0,0,0,0,0,0,0,0
Frame:10 
1,492,195,32,44,11,604,400,39,42
2,471,244,24,69,0,0,0,0,0
4,474,316,36,119,0,0,0,0,0
5,510,313,32,114,0,0,0,0,0
6,486,238,44,84,0,0,0,0,0
0,0,0,0,0,0,0,0,0,0
0,0,0,0,0,0,0,0,0,0
0,0,0,0,0,0,0,0,0,0
0,0,0,0,0,0,0,0,0,0
0,0,0,0,0,0,0,0,0,0
Frame:11 
1,499,195,41,50,11,589,400,53,47
2,481,238,20,81,0,0,0,0,0
4,523,319,72,110,0,0,0,0,0
5,471,319,47,119,0,0,0,0,0
6,499,243,42,83,0,0,0,0,0
0,0,0,0,0,0,0,0,0,0
0,0,0,0,0,0,0,0,0,0
0,0,0,0,0,0,0,0,0,0
0,0,0,0,0,0,0,0,0,0
0,0,0,0,0,0,0,0,0,0
Frame:12 
1,544,192,32,47,11,930,373,44,54
2,534,244,26,74,0,0,0,0,0
4,559,316,51,119,0,0,0,0,0
6,547,235,35,83,0,0,0,0,0
0,0,0,0,0,0,0,0,0,0
0,0,0,0,0,0,0,0,0,0
0,0,0,0,0,0,0,0,0,0
0,0,0,0,0,0,0,0,0,0
0,0,0,0,0,0,0,0,0,0
0,0,0,0,0,0,0,0,0,0
Frame:13 
1,520,193,36,41
2,508,237,23,80
4,510,315,33,119
5,538,313,50,116
6,516,228,44,84
0,0,0,0,0
0,0,0,0,0
0,0,0,0,0
0,0,0,0,0
0,0,0,0,0
