Frame:1
1.00 0.00 0.00 1.00 0.00 0.00
2.00 0.00 0.00 2.00 0.00 0.00
3.00 0.00 0.00 3.00 0.00 0.00
4.00 0.00 0.00 4.00 0.00 0.00
5.00 0.00 0.00 5.00 0.00 0.00
6.00 0.00 0.00 6.00 0.00 0.00
7.00 0.00 0.00 7.00 0.00 0.00
8.00 0.00 0.00 8.00 0.00 0.00
9.00 0.00 0.00 9.00 0.00 0.00
10.00 0.00 0.00 10.00 0.00 0.00
Frame:2
1.00 0.00 0.00 1.00 0.00 0.00
2.00 0.00 0.00 2.00 0.00 0.00
3.00 0.00 0.00 3.00 0.00 0.00
4.00 0.00 0.00 4.00 0.00 0.00
5.00 0.00 0.00 5.00 0.00 0.00
6.00 0.00 0.00 6.00 0.00 0.00
7.00 0.00 0.00 7.00 0.00 0.00
8.00 0.00 0.00 8.00 0.00 0.00
9.00 0.00 0.00 9.00 0.00 0.00
10.00 0.00 0.00 10.00 0.00 0.00
Frame:3
1.00 0.00 0.00 1.00 0.00 0.00
2.00 0.00 0.00 2.00 0.00 0.00
3.00 0.00 0.00 3.00 0.00 0.00
4.00 0.00 0.00 4.00 0.00 0.00
5.00 0.00 0.00 5.00 0.00 0.00
6.00 0.00 0.00 6.00 0.00 0.00
7.00 0.00 0.00 7.00 0.00 0.00
8.00 0.00 0.00 8.00 0.00 0.00
9.00 0.00 0.00 9.00 0.00 0.00
10.00 0.00 0.00 10.00 0.00 0.00
Frame:4
1.00 0.00 0.00 1.00 0.00 0.00
2.00 0.00 0.00 2.00 0.00 0.00
3.00 0.00 0.00 3.00 0.00 0.00
4.00 0.00 0.00 4.00 0.00 0.00
5.00 0.00 0.00 5.00 0.00 0.00
6.00 0.00 0.00 6.00 0.00 0.00
7.00 0.00 0.00 7.00 0.00 0.00
8.00 0.00 0.00 8.00 0.00 0.00
9.00 0.00 0.00 9.00 0.00 0.00
10.00 0.00 0.00 10.00 0.00 0.00
Frame:5
1.00 0.00 0.00 1.00 0.00 0.00
2.00 0.00 0.00 2.00 0.00 0.00
3.00 0.00 0.00 3.00 0.00 0.00
4.00 0.00 0.00 4.00 0.00 0.00
5.00 0.00 0.00 5.00 0.00 0.00
6.00 0.00 0.00 6.00 0.00 0.00
7.00 0.00 0.00 7.00 0.00 0.00
8.00 0.00 0.00 8.00 0.00 0.00
9.00 0.00 0.00 9.00 0.00 0.00
10.00 0.00 0.00 10.00 0.00 0.00
Frame:6
1.00 0.00 0.00 1.00 0.00 0.00
2.00 0.00 0.00 2.00 0.00 0.00
3.00 0.00 0.00 3.00 0.00 0.00
4.00 0.00 0.00 4.00 0.00 0.00
5.00 0.00 0.00 5.00 0.00 0.00
6.00 0.00 0.00 6.00 0.00 0.00
7.00 0.00 0.00 7.00 0.00 0.00
8.00 0.00 0.00 8.00 0.00 0.00
9.00 0.00 0.00 9.00 0.00 0.00
10.00 0.00 0.00 10.00 0.00 0.00
Frame:7
1.00 0.00 0.00 1.00 0.00 0.00
2.00 0.00 0.00 2.00 0.00 0.00
3.00 0.00 0.00 3.00 0.00 0.00
4.00 0.00 0.00 4.00 0.00 0.00
5.00 0.00 0.00 5.00 0.00 0.00
6.00 0.00 0.00 6.00 0.00 0.00
7.00 0.00 0.00 7.00 0.00 0.00
8.00 0.00 0.00 8.00 0.00 0.00
9.00 0.00 0.00 9.00 0.00 0.00
10.00 0.00 0.00 10.00 0.00 0.00
Frame:8
1.00 0.00 0.00 1.00 0.00 0.00
2.00 0.00 0.00 2.00 0.00 0.00
3.00 0.00 0.00 3.00 0.00 0.00
4.00 0.00 0.00 4.00 0.00 0.00
5.00 0.00 0.00 5.00 0.00 0.00
6.00 0.00 0.00 6.00 0.00 0.00
7.00 0.00 0.00 7.00 0.00 0.00
8.00 0.00 0.00 8.00 0.00 0.00
9.00 0.00 0.00 9.00 0.00 0.00
10.00 0.00 0.00 10.00 0.00 0.00
Frame:9
1.00 0.00 0.00 1.00 0.00 0.00
2.00 0.00 0.00 2.00 0.00 0.00
3.00 0.00 0.00 3.00 0.00 0.00
4.00 0.00 0.00 4.00 0.00 0.00
5.00 0.00 0.00 5.00 0.00 0.00
6.00 0.00 0.00 6.00 0.00 0.00
7.00 0.00 0.00 7.00 0.00 0.00
8.00 0.00 0.00 8.00 0.00 0.00
9.00 0.00 0.00 9.00 0.00 0.00
10.00 0.00 0.00 10.00 0.00 0.00
Frame:10
1.00 0.00 0.00 1.00 0.00 0.00
2.00 59.50 485.50 2.00 0.00 0.00
3.00 0.00 0.00 3.00 0.00 0.00
4.00 0.00 0.00 4.00 0.00 0.00
5.00 0.00 0.00 5.00 0.00 0.00
6.00 0.00 0.00 6.00 0.00 0.00
7.00 0.00 0.00 7.00 0.00 0.00
8.00 0.00 0.00 8.00 0.00 0.00
9.00 0.00 0.00 9.00 0.00 0.00
10.00 0.00 0.00 10.00 0.00 0.00
Frame:11
1.00 152.50 230.00 1.00 52.00 271.50
2.00 227.00 437.50 2.00 0.00 0.00
3.00 34.00 427.00 3.00 0.00 0.00
4.00 202.50 623.50 4.00 16.50 550.00
5.00 99.00 628.50 5.00 0.00 0.00
6.00 137.00 446.50 6.00 0.00 0.00
7.00 0.00 0.00 7.00 0.00 0.00
8.00 0.00 0.00 8.00 0.00 0.00
9.00 0.00 0.00 9.00 0.00 0.00
10.00 0.00 0.00 10.00 0.00 0.00
Frame:12
1.00 302.50 256.00 1.00 173.50 274.00
2.00 378.00 422.00 2.00 116.00 394.50
3.00 204.00 412.50 3.00 0.00 0.00
4.00 327.50 621.50 4.00 123.00 556.00
5.00 256.00 621.50 5.00 0.00 0.00
6.00 295.00 425.50 6.00 163.50 387.50
7.00 0.00 0.00 7.00 0.00 0.00
8.00 0.00 0.00 8.00 0.00 0.00
9.00 0.00 0.00 9.00 0.00 0.00
10.00 0.00 0.00 10.00 0.00 0.00
Frame:13
1.00 339.00 266.50 1.00 241.50 256.00
2.00 414.00 402.00 2.00 192.00 397.00
3.00 263.50 413.00 3.00 0.00 0.00
4.00 385.00 616.00 4.00 233.50 586.00
5.00 310.00 613.00 5.00 0.00 0.00
6.00 347.50 421.50 6.00 230.00 379.50
7.00 0.00 0.00 7.00 0.00 0.00
8.00 0.00 0.00 8.00 0.00 0.00
9.00 0.00 0.00 9.00 0.00 0.00
10.00 0.00 0.00 10.00 0.00 0.00
Frame:14
1.00 354.00 270.00 1.00 316.00 252.50
2.00 421.00 403.50 2.00 261.50 364.00
3.00 280.00 413.50 3.00 0.00 0.00
4.00 390.50 609.50 4.00 262.00 592.00
5.00 320.50 612.50 5.00 0.00 0.00
6.00 356.50 418.00 6.00 0.00 0.00
7.00 0.00 0.00 7.00 0.00 0.00
8.00 0.00 0.00 8.00 0.00 0.00
9.00 0.00 0.00 9.00 0.00 0.00
10.00 0.00 0.00 10.00 0.00 0.00
Frame:15
1.00 343.50 269.50 1.00 292.50 257.50
2.00 424.00 406.00 2.00 247.50 386.50
3.00 273.00 419.50 3.00 0.00 0.00
4.00 395.00 611.50 4.00 272.50 579.00
5.00 314.50 611.00 5.00 0.00 0.00
6.00 357.50 410.50 6.00 0.00 0.00
7.00 0.00 0.00 7.00 0.00 0.00
8.00 0.00 0.00 8.00 0.00 0.00
9.00 0.00 0.00 9.00 0.00 0.00
10.00 0.00 0.00 10.00 0.00 0.00
Frame:16
1.00 346.00 275.00 1.00 303.50 258.50
2.00 421.00 409.00 2.00 0.00 0.00
3.00 280.00 418.00 3.00 0.00 0.00
4.00 394.00 612.00 4.00 265.00 579.00
5.00 316.00 613.50 5.00 0.00 0.00
6.00 353.50 419.50 6.00 0.00 0.00
7.00 398.50 713.50 7.00 0.00 0.00
8.00 0.00 0.00 8.00 0.00 0.00
9.00 0.00 0.00 9.00 0.00 0.00
10.00 0.00 0.00 10.00 0.00 0.00
Frame:17
1.00 340.00 275.50 1.00 302.50 257.00
2.00 425.50 412.00 2.00 0.00 0.00
3.00 277.00 413.00 3.00 0.00 0.00
4.00 388.00 610.00 4.00 267.00 584.50
5.00 319.00 613.50 5.00 0.00 0.00
6.00 352.00 414.00 6.00 0.00 0.00
7.00 0.00 0.00 7.00 0.00 0.00
8.00 0.00 0.00 8.00 0.00 0.00
9.00 0.00 0.00 9.00 0.00 0.00
10.00 0.00 0.00 10.00 0.00 0.00
Frame:18
1.00 345.00 273.50 1.00 308.50 258.50
2.00 427.50 412.50 2.00 0.00 0.00
3.00 285.00 412.00 3.00 0.00 0.00
4.00 395.00 623.00 4.00 275.00 581.50
5.00 319.50 616.00 5.00 0.00 0.00
6.00 354.00 423.50 6.00 0.00 0.00
7.00 0.00 0.00 7.00 0.00 0.00
8.00 0.00 0.00 8.00 0.00 0.00
9.00 0.00 0.00 9.00 0.00 0.00
10.00 0.00 0.00 10.00 0.00 0.00
