Set: 1
1.00 0.00 0.00 1.00 0.00 0.00
2.00 0.00 0.00 2.00 0.00 0.00
3.00 0.00 0.00 3.00 0.00 0.00
4.00 0.00 0.00 4.00 0.00 0.00
5.00 0.00 0.00 5.00 0.00 0.00
6.00 0.00 0.00 6.00 0.00 0.00
7.00 0.00 0.00 7.00 0.00 0.00
8.00 0.00 0.00 8.00 0.00 0.00
9.00 0.00 0.00 9.00 0.00 0.00
10.00 0.00 0.00 10.00 0.00 0.00
Set: 2
1.00 0.00 0.00 1.00 0.00 0.00
2.00 0.00 0.00 2.00 0.00 0.00
3.00 0.00 0.00 3.00 0.00 0.00
4.00 0.00 0.00 4.00 0.00 0.00
5.00 0.00 0.00 5.00 0.00 0.00
6.00 0.00 0.00 6.00 0.00 0.00
7.00 0.00 0.00 7.00 0.00 0.00
8.00 0.00 0.00 8.00 0.00 0.00
9.00 0.00 0.00 9.00 0.00 0.00
10.00 0.00 0.00 10.00 0.00 0.00
Set: 3
1.00 0.00 0.00 1.00 0.00 0.00
2.00 0.00 0.00 2.00 0.00 0.00
3.00 0.00 0.00 3.00 0.00 0.00
4.00 0.00 0.00 4.00 0.00 0.00
5.00 0.00 0.00 5.00 0.00 0.00
6.00 0.00 0.00 6.00 0.00 0.00
7.00 0.00 0.00 7.00 0.00 0.00
8.00 0.00 0.00 8.00 0.00 0.00
9.00 0.00 0.00 9.00 0.00 0.00
10.00 0.00 0.00 10.00 0.00 0.00
Set: 4
1.00 0.00 0.00 1.00 0.00 0.00
2.00 0.00 0.00 2.00 0.00 0.00
3.00 0.00 0.00 3.00 0.00 0.00
4.00 0.00 0.00 4.00 0.00 0.00
5.00 0.00 0.00 5.00 0.00 0.00
6.00 0.00 0.00 6.00 0.00 0.00
7.00 0.00 0.00 7.00 0.00 0.00
8.00 0.00 0.00 8.00 0.00 0.00
9.00 0.00 0.00 9.00 0.00 0.00
10.00 0.00 0.00 10.00 0.00 0.00
Set: 5
1.00 0.00 0.00 1.00 0.00 0.00
2.00 0.00 0.00 2.00 0.00 0.00
3.00 0.00 0.00 3.00 0.00 0.00
4.00 0.00 0.00 4.00 0.00 0.00
5.00 0.00 0.00 5.00 0.00 0.00
6.00 0.00 0.00 6.00 0.00 0.00
7.00 0.00 0.00 7.00 0.00 0.00
8.00 0.00 0.00 8.00 0.00 0.00
9.00 0.00 0.00 9.00 0.00 0.00
10.00 0.00 0.00 10.00 0.00 0.00
Set: 6
1.00 0.00 0.00 1.00 0.00 0.00
2.00 0.00 0.00 2.00 0.00 0.00
3.00 0.00 0.00 3.00 0.00 0.00
4.00 0.00 0.00 4.00 0.00 0.00
5.00 0.00 0.00 5.00 0.00 0.00
6.00 0.00 0.00 6.00 0.00 0.00
7.00 0.00 0.00 7.00 0.00 0.00
8.00 0.00 0.00 8.00 0.00 0.00
9.00 0.00 0.00 9.00 0.00 0.00
10.00 0.00 0.00 10.00 0.00 0.00
Set: 7
1.00 0.00 0.00 1.00 0.00 0.00
2.00 0.00 0.00 2.00 0.00 0.00
3.00 0.00 0.00 3.00 0.00 0.00
4.00 0.00 0.00 4.00 0.00 0.00
5.00 0.00 0.00 5.00 0.00 0.00
6.00 0.00 0.00 6.00 0.00 0.00
7.00 0.00 0.00 7.00 0.00 0.00
8.00 0.00 0.00 8.00 0.00 0.00
9.00 0.00 0.00 9.00 0.00 0.00
10.00 0.00 0.00 10.00 0.00 0.00
Set: 8
1.00 0.00 0.00 1.00 0.00 0.00
2.00 0.00 0.00 2.00 0.00 0.00
3.00 0.00 0.00 3.00 0.00 0.00
4.00 0.00 0.00 4.00 0.00 0.00
5.00 0.00 0.00 5.00 0.00 0.00
6.00 0.00 0.00 6.00 0.00 0.00
7.00 0.00 0.00 7.00 0.00 0.00
8.00 0.00 0.00 8.00 0.00 0.00
9.00 0.00 0.00 9.00 0.00 0.00
10.00 0.00 0.00 10.00 0.00 0.00
Set: 9
1.00 0.00 0.00 1.00 0.00 0.00
2.00 59.50 485.50 2.00 0.00 0.00
3.00 0.00 0.00 3.00 0.00 0.00
4.00 0.00 0.00 4.00 0.00 0.00
5.00 0.00 0.00 5.00 0.00 0.00
6.00 0.00 0.00 6.00 0.00 0.00
7.00 0.00 0.00 7.00 0.00 0.00
8.00 0.00 0.00 8.00 0.00 0.00
9.00 0.00 0.00 9.00 0.00 0.00
10.00 0.00 0.00 10.00 0.00 0.00
Set: 10
1.00 152.50 230.00 1.00 52.00 271.50
2.00 167.50 -48.00 2.00 0.00 0.00
3.00 34.00 427.00 3.00 0.00 0.00
4.00 202.50 623.50 4.00 16.50 550.00
5.00 99.00 628.50 5.00 0.00 0.00
6.00 137.00 446.50 6.00 0.00 0.00
7.00 0.00 0.00 7.00 0.00 0.00
8.00 0.00 0.00 8.00 0.00 0.00
9.00 0.00 0.00 9.00 0.00 0.00
10.00 0.00 0.00 10.00 0.00 0.00
Set: 11
1.00 150.00 26.00 1.00 121.50 2.50
2.00 151.00 -15.50 2.00 116.00 394.50
3.00 170.00 -14.50 3.00 0.00 0.00
4.00 125.00 -2.00 4.00 106.50 6.00
5.00 157.00 -7.00 5.00 0.00 0.00
6.00 158.00 -21.00 6.00 163.50 387.50
7.00 0.00 0.00 7.00 0.00 0.00
8.00 0.00 0.00 8.00 0.00 0.00
9.00 0.00 0.00 9.00 0.00 0.00
10.00 0.00 0.00 10.00 0.00 0.00
Set: 12
1.00 36.50 10.50 1.00 68.00 -18.00
2.00 36.00 -20.00 2.00 76.00 2.50
3.00 59.50 0.50 3.00 0.00 0.00
4.00 57.50 -5.50 4.00 110.50 30.00
5.00 54.00 -8.50 5.00 0.00 0.00
6.00 52.50 -4.00 6.00 66.50 -8.00
7.00 0.00 0.00 7.00 0.00 0.00
8.00 0.00 0.00 8.00 0.00 0.00
9.00 0.00 0.00 9.00 0.00 0.00
10.00 0.00 0.00 10.00 0.00 0.00
Set: 13
1.00 15.00 3.50 1.00 74.50 -3.50
2.00 7.00 1.50 2.00 69.50 -33.00
3.00 16.50 0.50 3.00 0.00 0.00
4.00 5.50 -6.50 4.00 28.50 6.00
5.00 10.50 -0.50 5.00 0.00 0.00
6.00 9.00 -3.50 6.00 -230.00 -379.50
7.00 0.00 0.00 7.00 0.00 0.00
8.00 0.00 0.00 8.00 0.00 0.00
9.00 0.00 0.00 9.00 0.00 0.00
10.00 0.00 0.00 10.00 0.00 0.00
Set: 14
1.00 -10.50 -0.50 1.00 -23.50 5.00
2.00 3.00 2.50 2.00 -14.00 22.50
3.00 -7.00 6.00 3.00 0.00 0.00
4.00 4.50 2.00 4.00 10.50 -13.00
5.00 -6.00 -1.50 5.00 0.00 0.00
6.00 1.00 -7.50 6.00 0.00 0.00
7.00 0.00 0.00 7.00 0.00 0.00
8.00 0.00 0.00 8.00 0.00 0.00
9.00 0.00 0.00 9.00 0.00 0.00
10.00 0.00 0.00 10.00 0.00 0.00
Set: 15
1.00 2.50 5.50 1.00 11.00 1.00
2.00 -3.00 3.00 2.00 -247.50 -386.50
3.00 7.00 -1.50 3.00 0.00 0.00
4.00 -1.00 0.50 4.00 -7.50 0.00
5.00 1.50 2.50 5.00 0.00 0.00
6.00 -4.00 9.00 6.00 0.00 0.00
7.00 398.50 713.50 7.00 0.00 0.00
8.00 0.00 0.00 8.00 0.00 0.00
9.00 0.00 0.00 9.00 0.00 0.00
10.00 0.00 0.00 10.00 0.00 0.00
Set: 16
1.00 -6.00 0.50 1.00 -1.00 -1.50
2.00 4.50 3.00 2.00 0.00 0.00
3.00 -3.00 -5.00 3.00 0.00 0.00
4.00 -6.00 -2.00 4.00 2.00 5.50
5.00 3.00 0.00 5.00 0.00 0.00
6.00 -1.50 -5.50 6.00 0.00 0.00
7.00 -398.50 -713.50 7.00 0.00 0.00
8.00 0.00 0.00 8.00 0.00 0.00
9.00 0.00 0.00 9.00 0.00 0.00
10.00 0.00 0.00 10.00 0.00 0.00
Set: 17
1.00 5.00 -2.00 1.00 6.00 1.50
2.00 2.00 0.50 2.00 0.00 0.00
3.00 8.00 -1.00 3.00 0.00 0.00
4.00 7.00 13.00 4.00 8.00 -3.00
5.00 0.50 2.50 5.00 0.00 0.00
6.00 2.00 9.50 6.00 0.00 0.00
7.00 0.00 0.00 7.00 0.00 0.00
8.00 0.00 0.00 8.00 0.00 0.00
9.00 0.00 0.00 9.00 0.00 0.00
10.00 0.00 0.00 10.00 0.00 0.00
