Frame:1 
1,624,94,35,36
2,612,142,14,86
3,644,145,35,77
4,616,232,23,84
5,647,222,20,104
0,0,0,0,0
0,0,0,0,0
0,0,0,0,0
0,0,0,0,0
0,0,0,0,0
Frame:2 
1,624,94,35,36
2,612,142,14,86
3,644,145,35,77
4,616,232,23,84
5,647,222,20,104
0,0,0,0,0
0,0,0,0,0
0,0,0,0,0
0,0,0,0,0
0,0,0,0,0
Frame:3 
1,641,102,30,39
2,619,145,23,101
3,677,154,20,105
4,636,231,32,113
5,663,231,26,78
0,0,0,0,0
0,0,0,0,0
0,0,0,0,0
0,0,0,0,0
0,0,0,0,0
Frame:4 
1,687,90,27,42
2,660,139,21,107
3,737,151,23,105
4,660,240,29,117
5,699,244,24,129
0,0,0,0,0
0,0,0,0,0
0,0,0,0,0
0,0,0,0,0
0,0,0,0,0
Frame:5 
1,744,97,38,48,11,103,576,176,123
2,711,165,24,108,0,0,0,0,0
3,794,163,26,99,0,0,0,0,0
4,695,258,51,126,0,0,0,0,0
5,764,253,33,152,0,0,0,0,0
0,0,0,0,0,0,0,0,0,0
0,0,0,0,0,0,0,0,0,0
0,0,0,0,0,0,0,0,0,0
0,0,0,0,0,0,0,0,0,0
0,0,0,0,0,0,0,0,0,0
Frame:6 
1,650,133,38,54,11,337,430,71,74
2,594,190,54,86,0,0,0,0,0
3,665,193,56,114,0,0,0,0,0
4,609,264,56,126,0,0,0,0,0
5,704,265,96,141,0,0,0,0,0
0,0,0,0,0,0,0,0,0,0
0,0,0,0,0,0,0,0,0,0
0,0,0,0,0,0,0,0,0,0
0,0,0,0,0,0,0,0,0,0
0,0,0,0,0,0,0,0,0,0
Frame:7 
1,330,222,42,45,11,277,348,51,56
3,288,274,87,95,0,0,0,0,0
4,372,283,33,98,0,0,0,0,0
5,402,288,74,110,0,0,0,0,0
0,0,0,0,0,0,0,0,0,0
0,0,0,0,0,0,0,0,0,0
0,0,0,0,0,0,0,0,0,0
0,0,0,0,0,0,0,0,0,0
0,0,0,0,0,0,0,0,0,0
0,0,0,0,0,0,0,0,0,0
Frame:9 
1,292,103,41,42,11,255,259,54,44
3,292,174,47,89,0,0,0,0,0
2,265,166,41,89,0,0,0,0,0
5,319,249,21,134,0,0,0,0,0
0,0,0,0,0,0,0,0,0,0
0,0,0,0,0,0,0,0,0,0
0,0,0,0,0,0,0,0,0,0
0,0,0,0,0,0,0,0,0,0
0,0,0,0,0,0,0,0,0,0
0,0,0,0,0,0,0,0,0,0
Frame:10 
1,337,100,32,47,11,402,238,39,60
2,306,162,27,95,0,0,0,0,0
3,379,169,53,86,0,0,0,0,0
4,324,247,33,120,0,0,0,0,0
5,360,256,35,110,0,0,0,0,0
0,0,0,0,0,0,0,0,0,0
0,0,0,0,0,0,0,0,0,0
0,0,0,0,0,0,0,0,0,0
0,0,0,0,0,0,0,0,0,0
0,0,0,0,0,0,0,0,0,0
Frame:11 
1,360,102,33,41,11,388,252,54,56
2,333,162,21,102,0,0,0,0,0
3,394,157,35,119,0,0,0,0,0
4,336,249,26,122,0,0,0,0,0
5,372,253,24,114,0,0,0,0,0
0,0,0,0,0,0,0,0,0,0
0,0,0,0,0,0,0,0,0,0
0,0,0,0,0,0,0,0,0,0
0,0,0,0,0,0,0,0,0,0
0,0,0,0,0,0,0,0,0,0
Frame:12 
0,0,0,0,0
0,0,0,0,0
0,0,0,0,0
0,0,0,0,0
0,0,0,0,0
0,0,0,0,0
0,0,0,0,0
0,0,0,0,0
0,0,0,0,0
0,0,0,0,0
Frame:13 
0,0,0,0,0
0,0,0,0,0
0,0,0,0,0
0,0,0,0,0
0,0,0,0,0
0,0,0,0,0
0,0,0,0,0
0,0,0,0,0
0,0,0,0,0
0,0,0,0,0
Frame:14 
0,0,0,0,0
0,0,0,0,0
0,0,0,0,0
0,0,0,0,0
0,0,0,0,0
0,0,0,0,0
0,0,0,0,0
0,0,0,0,0
0,0,0,0,0
0,0,0,0,0
Frame:15 
0,0,0,0,0
0,0,0,0,0
0,0,0,0,0
0,0,0,0,0
0,0,0,0,0
0,0,0,0,0
0,0,0,0,0
0,0,0,0,0
0,0,0,0,0
0,0,0,0,0
