Frame:1 
1,711,264,35,35
2,683,309,21,83
3,750,313,17,80
4,701,396,20,86
5,723,396,17,89
0,0,0,0,0
0,0,0,0,0
0,0,0,0,0
0,0,0,0,0
0,0,0,0,0
Frame:2 
1,711,264,35,35
2,683,309,21,83
3,750,313,17,80
4,701,396,20,86
5,723,396,17,89
0,0,0,0,0
0,0,0,0,0
0,0,0,0,0
0,0,0,0,0
0,0,0,0,0
Frame:3 
1,711,264,35,35
2,683,309,21,83
3,750,313,17,80
4,701,396,20,86
5,723,396,17,89
0,0,0,0,0
0,0,0,0,0
0,0,0,0,0
0,0,0,0,0
0,0,0,0,0
Frame:4 
1,711,264,35,35
2,683,309,21,83
3,750,313,17,80
4,701,396,20,86
5,723,396,17,89
0,0,0,0,0
0,0,0,0,0
0,0,0,0,0
0,0,0,0,0
0,0,0,0,0
Frame:5 
1,711,264,35,35
2,683,309,21,83
3,750,313,17,80
4,701,396,20,86
5,723,396,17,89
0,0,0,0,0
0,0,0,0,0
0,0,0,0,0
0,0,0,0,0
0,0,0,0,0
Frame:6 
1,711,264,35,35
2,683,309,21,83
3,750,313,17,80
4,701,396,20,86
5,723,396,17,89
0,0,0,0,0
0,0,0,0,0
0,0,0,0,0
0,0,0,0,0
0,0,0,0,0
Frame:7 
1,711,264,35,35
2,683,309,21,83
3,750,313,17,80
4,701,396,20,86
5,723,396,17,89
0,0,0,0,0
0,0,0,0,0
0,0,0,0,0
0,0,0,0,0
0,0,0,0,0
Frame:8 
1,711,264,35,35
2,683,309,21,83
3,750,313,17,80
4,701,396,20,86
5,723,396,17,89
0,0,0,0,0
0,0,0,0,0
0,0,0,0,0
0,0,0,0,0
0,0,0,0,0
Frame:9 
1,693,271,38,33,11,15,360,182,119
2,677,327,18,65,0,0,0,0,0
3,743,324,47,63,0,0,0,0,0
4,693,396,24,96,0,0,0,0,0
5,719,396,26,86,0,0,0,0,0
0,0,0,0,0,0,0,0,0,0
0,0,0,0,0,0,0,0,0,0
0,0,0,0,0,0,0,0,0,0
0,0,0,0,0,0,0,0,0,0
0,0,0,0,0,0,0,0,0,0
Frame:10 
1,662,234,33,42,11,710,243,33,24
2,651,282,50,32,0,0,0,0,0
3,704,280,24,44,0,0,0,0,0
4,654,355,30,123,0,0,0,0,0
5,692,357,26,123,0,0,0,0,0
0,0,0,0,0,0,0,0,0,0
0,0,0,0,0,0,0,0,0,0
0,0,0,0,0,0,0,0,0,0
0,0,0,0,0,0,0,0,0,0
0,0,0,0,0,0,0,0,0,0
Frame:11 
1,687,265,26,35,11,684,322,36,39
2,666,312,30,44,0,0,0,0,0
3,707,324,35,36,0,0,0,0,0
4,645,388,44,110,0,0,0,0,0
5,698,397,29,105,0,0,0,0,0
0,0,0,0,0,0,0,0,0,0
0,0,0,0,0,0,0,0,0,0
0,0,0,0,0,0,0,0,0,0
0,0,0,0,0,0,0,0,0,0
0,0,0,0,0,0,0,0,0,0
Frame:12 
1,687,267,26,36,11,686,328,38,32
2,669,315,27,47,0,0,0,0,0
3,710,315,29,47,0,0,0,0,0
4,672,385,20,107,0,0,0,0,0
5,702,388,18,107,0,0,0,0,0
0,0,0,0,0,0,0,0,0,0
0,0,0,0,0,0,0,0,0,0
0,0,0,0,0,0,0,0,0,0
0,0,0,0,0,0,0,0,0,0
0,0,0,0,0,0,0,0,0,0
Frame:13 
1,687,267,26,36,11,686,328,38,32
2,669,315,27,47,0,0,0,0,0
3,710,315,29,47,0,0,0,0,0
4,672,385,20,107,0,0,0,0,0
5,702,388,18,107,0,0,0,0,0
0,0,0,0,0,0,0,0,0,0
0,0,0,0,0,0,0,0,0,0
0,0,0,0,0,0,0,0,0,0
0,0,0,0,0,0,0,0,0,0
0,0,0,0,0,0,0,0,0,0
Frame:14 
1,687,267,26,36,11,686,328,38,32
2,669,315,27,47,0,0,0,0,0
3,710,315,29,47,0,0,0,0,0
4,672,385,20,107,0,0,0,0,0
5,702,388,18,107,0,0,0,0,0
0,0,0,0,0,0,0,0,0,0
0,0,0,0,0,0,0,0,0,0
0,0,0,0,0,0,0,0,0,0
0,0,0,0,0,0,0,0,0,0
0,0,0,0,0,0,0,0,0,0
Frame:15 
1,687,267,26,36,11,686,328,38,32
2,669,315,27,47,0,0,0,0,0
3,710,315,29,47,0,0,0,0,0
4,672,385,20,107,0,0,0,0,0
5,702,388,18,107,0,0,0,0,0
0,0,0,0,0,0,0,0,0,0
0,0,0,0,0,0,0,0,0,0
0,0,0,0,0,0,0,0,0,0
0,0,0,0,0,0,0,0,0,0
0,0,0,0,0,0,0,0,0,0
Frame:16 
1,687,267,26,36,11,686,328,38,32
2,669,315,27,47,0,0,0,0,0
3,710,315,29,47,0,0,0,0,0
4,672,385,20,107,0,0,0,0,0
5,702,388,18,107,0,0,0,0,0
0,0,0,0,0,0,0,0,0,0
0,0,0,0,0,0,0,0,0,0
0,0,0,0,0,0,0,0,0,0
0,0,0,0,0,0,0,0,0,0
0,0,0,0,0,0,0,0,0,0
Frame:17 
1,687,267,26,36,11,686,328,38,32
2,669,315,27,47,0,0,0,0,0
3,710,315,29,47,0,0,0,0,0
4,672,385,20,107,0,0,0,0,0
5,702,388,18,107,0,0,0,0,0
0,0,0,0,0,0,0,0,0,0
0,0,0,0,0,0,0,0,0,0
0,0,0,0,0,0,0,0,0,0
0,0,0,0,0,0,0,0,0,0
0,0,0,0,0,0,0,0,0,0
Frame:18 
1,687,267,26,36,11,686,328,38,32
2,669,315,27,47,0,0,0,0,0
3,710,315,29,47,0,0,0,0,0
4,672,385,20,107,0,0,0,0,0
5,702,388,18,107,0,0,0,0,0
0,0,0,0,0,0,0,0,0,0
0,0,0,0,0,0,0,0,0,0
0,0,0,0,0,0,0,0,0,0
0,0,0,0,0,0,0,0,0,0
0,0,0,0,0,0,0,0,0,0
Frame:19 
1,687,267,26,36,11,686,328,38,32
2,669,315,27,47,0,0,0,0,0
3,710,315,29,47,0,0,0,0,0
4,672,385,20,107,0,0,0,0,0
5,702,388,18,107,0,0,0,0,0
0,0,0,0,0,0,0,0,0,0
0,0,0,0,0,0,0,0,0,0
0,0,0,0,0,0,0,0,0,0
0,0,0,0,0,0,0,0,0,0
0,0,0,0,0,0,0,0,0,0
Frame:20 
1,684,268,29,36,11,686,322,29,42
2,654,246,23,84,0,0,0,0,0
3,701,309,32,57,0,0,0,0,0
4,663,385,29,107,0,0,0,0,0
5,699,385,27,107,0,0,0,0,0
0,0,0,0,0,0,0,0,0,0
0,0,0,0,0,0,0,0,0,0
0,0,0,0,0,0,0,0,0,0
0,0,0,0,0,0,0,0,0,0
0,0,0,0,0,0,0,0,0,0
