Frame:1 
1,651,190,15,20
2,648,208,8,33
3,665,210,11,35
4,648,235,11,38
5,660,234,14,39
0,0,0,0,0
0,0,0,0,0
0,0,0,0,0
0,0,0,0,0
0,0,0,0,0
Frame:2 
1,651,190,15,20
2,648,208,8,33
3,665,210,11,35
4,648,235,11,38
5,660,234,14,39
0,0,0,0,0
0,0,0,0,0
0,0,0,0,0
0,0,0,0,0
0,0,0,0,0
Frame:3 
1,651,190,15,20
2,648,208,8,33
3,665,210,11,35
4,648,235,11,38
5,660,234,14,39
0,0,0,0,0
0,0,0,0,0
0,0,0,0,0
0,0,0,0,0
0,0,0,0,0
Frame:4 
1,651,190,15,20
2,648,208,8,33
3,665,210,11,35
4,648,235,11,38
5,660,234,14,39
0,0,0,0,0
0,0,0,0,0
0,0,0,0,0
0,0,0,0,0
0,0,0,0,0
Frame:5 
1,651,190,15,20
2,648,208,8,33
3,665,210,11,35
4,648,235,11,38
5,660,234,14,39
0,0,0,0,0
0,0,0,0,0
0,0,0,0,0
0,0,0,0,0
0,0,0,0,0
Frame:6 
1,651,190,15,20
2,648,208,8,33
3,665,210,11,35
4,648,235,11,38
5,660,234,14,39
0,0,0,0,0
0,0,0,0,0
0,0,0,0,0
0,0,0,0,0
0,0,0,0,0
Frame:7 
1,651,190,15,20
2,648,208,8,33
3,665,210,11,35
4,648,235,11,38
5,660,234,14,39
0,0,0,0,0
0,0,0,0,0
0,0,0,0,0
0,0,0,0,0
0,0,0,0,0
Frame:8 
1,651,190,15,20
2,648,208,8,33
3,665,210,11,35
4,648,235,11,38
5,660,234,14,39
0,0,0,0,0
0,0,0,0,0
0,0,0,0,0
0,0,0,0,0
0,0,0,0,0
Frame:9 
1,651,190,15,20
2,648,208,8,33
3,665,210,11,35
4,648,235,11,38
5,660,234,14,39
0,0,0,0,0
0,0,0,0,0
0,0,0,0,0
0,0,0,0,0
0,0,0,0,0
Frame:10 
1,656,189,11,15,11,301,91,77,29
2,647,208,8,38,0,0,0,0,0
3,666,211,11,38,0,0,0,0,0
4,653,238,11,36,0,0,0,0,0
5,666,237,12,35,0,0,0,0,0
0,0,0,0,0,0,0,0,0,0
0,0,0,0,0,0,0,0,0,0
0,0,0,0,0,0,0,0,0,0
0,0,0,0,0,0,0,0,0,0
0,0,0,0,0,0,0,0,0,0
Frame:11 
1,680,189,12,15,11,678,136,35,23
2,672,211,9,32,0,0,0,0,0
3,687,213,11,35,0,0,0,0,0
4,653,232,27,42,0,0,0,0,0
5,681,231,17,38,0,0,0,0,0
0,0,0,0,0,0,0,0,0,0
0,0,0,0,0,0,0,0,0,0
0,0,0,0,0,0,0,0,0,0
0,0,0,0,0,0,0,0,0,0
0,0,0,0,0,0,0,0,0,0
Frame:12 
1,749,199,15,15,11,755,216,23,17
2,741,217,26,12,0,0,0,0,0
4,725,240,24,39,0,0,0,0,0
5,755,241,17,38,0,0,0,0,0
0,0,0,0,0,0,0,0,0,0
0,0,0,0,0,0,0,0,0,0
0,0,0,0,0,0,0,0,0,0
0,0,0,0,0,0,0,0,0,0
0,0,0,0,0,0,0,0,0,0
0,0,0,0,0,0,0,0,0,0
Frame:13 
1,819,190,14,15,11,834,210,12,21
2,824,211,17,20,0,0,0,0,0
4,824,240,18,41,0,0,0,0,0
0,0,0,0,0,0,0,0,0,0
0,0,0,0,0,0,0,0,0,0
0,0,0,0,0,0,0,0,0,0
0,0,0,0,0,0,0,0,0,0
0,0,0,0,0,0,0,0,0,0
0,0,0,0,0,0,0,0,0,0
0,0,0,0,0,0,0,0,0,0
Frame:15 
1,809,192,14,17,11,807,213,11,17
2,800,211,14,20,0,0,0,0,0
3,822,216,11,29,0,0,0,0,0
4,804,243,11,39,0,0,0,0,0
5,819,243,8,39,0,0,0,0,0
0,0,0,0,0,0,0,0,0,0
0,0,0,0,0,0,0,0,0,0
0,0,0,0,0,0,0,0,0,0
0,0,0,0,0,0,0,0,0,0
0,0,0,0,0,0,0,0,0,0
Frame:16 
1,809,192,14,17,11,807,213,11,17
2,800,211,14,20,0,0,0,0,0
3,822,216,11,29,0,0,0,0,0
4,804,243,11,39,0,0,0,0,0
5,819,243,8,39,0,0,0,0,0
0,0,0,0,0,0,0,0,0,0
0,0,0,0,0,0,0,0,0,0
0,0,0,0,0,0,0,0,0,0
0,0,0,0,0,0,0,0,0,0
0,0,0,0,0,0,0,0,0,0
Frame:17 
1,809,192,14,17,11,807,213,11,17
2,800,211,14,20,0,0,0,0,0
3,822,216,11,29,0,0,0,0,0
4,804,243,11,39,0,0,0,0,0
5,819,243,8,39,0,0,0,0,0
0,0,0,0,0,0,0,0,0,0
0,0,0,0,0,0,0,0,0,0
0,0,0,0,0,0,0,0,0,0
0,0,0,0,0,0,0,0,0,0
0,0,0,0,0,0,0,0,0,0
