Frame:1 
1,463,207,29,38
2,465,253,26,102
4,457,328,44,119
0,0,0,0,0
0,0,0,0,0
0,0,0,0,0
0,0,0,0,0
0,0,0,0,0
0,0,0,0,0
0,0,0,0,0
Frame:2 
1,463,207,29,38
2,465,253,26,102
4,457,328,44,119
0,0,0,0,0
0,0,0,0,0
0,0,0,0,0
0,0,0,0,0
0,0,0,0,0
0,0,0,0,0
0,0,0,0,0
Frame:3 
1,463,207,29,38
2,465,253,26,102
4,457,328,44,119
0,0,0,0,0
0,0,0,0,0
0,0,0,0,0
0,0,0,0,0
0,0,0,0,0
0,0,0,0,0
0,0,0,0,0
Frame:4 
1,463,207,29,38
2,465,253,26,102
4,457,328,44,119
0,0,0,0,0
0,0,0,0,0
0,0,0,0,0
0,0,0,0,0
0,0,0,0,0
0,0,0,0,0
0,0,0,0,0
Frame:5 
1,465,208,30,39
2,459,259,30,95
4,468,328,33,120
0,0,0,0,0
0,0,0,0,0
0,0,0,0,0
0,0,0,0,0
0,0,0,0,0
0,0,0,0,0
0,0,0,0,0
Frame:6 
1,465,208,30,39
2,459,259,30,95
4,468,328,33,120
0,0,0,0,0
0,0,0,0,0
0,0,0,0,0
0,0,0,0,0
0,0,0,0,0
0,0,0,0,0
0,0,0,0,0
Frame:7 
1,465,208,30,39
2,459,259,30,95
4,468,328,33,120
0,0,0,0,0
0,0,0,0,0
0,0,0,0,0
0,0,0,0,0
0,0,0,0,0
0,0,0,0,0
0,0,0,0,0
Frame:8 
1,465,208,30,39
2,459,259,30,95
4,468,328,33,120
0,0,0,0,0
0,0,0,0,0
0,0,0,0,0
0,0,0,0,0
0,0,0,0,0
0,0,0,0,0
0,0,0,0,0
Frame:9 
1,457,202,32,42
2,456,255,24,101
4,460,328,38,113
5,436,339,21,99
0,0,0,0,0
0,0,0,0,0
0,0,0,0,0
0,0,0,0,0
0,0,0,0,0
0,0,0,0,0
Frame:10 
1,442,201,33,48
2,444,262,27,96
4,460,337,36,102
5,429,342,30,104
0,0,0,0,0
0,0,0,0,0
0,0,0,0,0
0,0,0,0,0
0,0,0,0,0
0,0,0,0,0
Frame:11 
1,418,213,30,38,11,57,97,41,47
2,339,261,83,42,0,0,0,0,0
4,423,328,68,116,0,0,0,0,0
5,411,331,39,113,0,0,0,0,0
0,0,0,0,0,0,0,0,0,0
0,0,0,0,0,0,0,0,0,0
0,0,0,0,0,0,0,0,0,0
0,0,0,0,0,0,0,0,0,0
0,0,0,0,0,0,0,0,0,0
0,0,0,0,0,0,0,0,0,0
Frame:12 
1,400,204,36,38,11,381,270,33,36
2,399,250,30,57,0,0,0,0,0
4,403,309,36,129,0,0,0,0,0
0,0,0,0,0,0,0,0,0,0
0,0,0,0,0,0,0,0,0,0
0,0,0,0,0,0,0,0,0,0
0,0,0,0,0,0,0,0,0,0
0,0,0,0,0,0,0,0,0,0
0,0,0,0,0,0,0,0,0,0
0,0,0,0,0,0,0,0,0,0
Frame:13 
1,421,201,41,45,11,390,255,44,44
2,397,258,60,50,0,0,0,0,0
4,426,325,38,111,0,0,0,0,0
0,0,0,0,0,0,0,0,0,0
0,0,0,0,0,0,0,0,0,0
0,0,0,0,0,0,0,0,0,0
0,0,0,0,0,0,0,0,0,0
0,0,0,0,0,0,0,0,0,0
0,0,0,0,0,0,0,0,0,0
0,0,0,0,0,0,0,0,0,0
Frame:14 
1,421,201,41,45,11,390,255,44,44
2,397,258,60,50,0,0,0,0,0
4,426,325,38,111,0,0,0,0,0
0,0,0,0,0,0,0,0,0,0
0,0,0,0,0,0,0,0,0,0
0,0,0,0,0,0,0,0,0,0
0,0,0,0,0,0,0,0,0,0
0,0,0,0,0,0,0,0,0,0
0,0,0,0,0,0,0,0,0,0
0,0,0,0,0,0,0,0,0,0
Frame:15 
1,421,201,41,45,11,390,255,44,44
2,397,258,60,50,0,0,0,0,0
4,426,325,38,111,0,0,0,0,0
0,0,0,0,0,0,0,0,0,0
0,0,0,0,0,0,0,0,0,0
0,0,0,0,0,0,0,0,0,0
0,0,0,0,0,0,0,0,0,0
0,0,0,0,0,0,0,0,0,0
0,0,0,0,0,0,0,0,0,0
0,0,0,0,0,0,0,0,0,0
Frame:16 
1,421,201,41,45,11,390,255,44,44
2,397,258,60,50,0,0,0,0,0
4,426,325,38,111,0,0,0,0,0
0,0,0,0,0,0,0,0,0,0
0,0,0,0,0,0,0,0,0,0
0,0,0,0,0,0,0,0,0,0
0,0,0,0,0,0,0,0,0,0
0,0,0,0,0,0,0,0,0,0
0,0,0,0,0,0,0,0,0,0
0,0,0,0,0,0,0,0,0,0
