Frame:1 
0,0,0,0,0
0,0,0,0,0
0,0,0,0,0
0,0,0,0,0
0,0,0,0,0
0,0,0,0,0
0,0,0,0,0
0,0,0,0,0
0,0,0,0,0
0,0,0,0,0
Frame:2 
0,0,0,0,0
0,0,0,0,0
0,0,0,0,0
0,0,0,0,0
0,0,0,0,0
0,0,0,0,0
0,0,0,0,0
0,0,0,0,0
0,0,0,0,0
0,0,0,0,0
Frame:3 
0,0,0,0,0
0,0,0,0,0
0,0,0,0,0
0,0,0,0,0
0,0,0,0,0
0,0,0,0,0
0,0,0,0,0
0,0,0,0,0
0,0,0,0,0
0,0,0,0,0
Frame:4 
0,0,0,0,0
0,0,0,0,0
0,0,0,0,0
0,0,0,0,0
0,0,0,0,0
0,0,0,0,0
0,0,0,0,0
0,0,0,0,0
0,0,0,0,0
0,0,0,0,0
Frame:5 
1,231,4,132,128
3,286,195,180,494
0,0,0,0,0
0,0,0,0,0
0,0,0,0,0
0,0,0,0,0
0,0,0,0,0
0,0,0,0,0
0,0,0,0,0
0,0,0,0,0
Frame:6 
1,595,121,66,99
3,662,261,80,275
4,526,490,77,224
5,630,483,80,236
0,0,0,0,0
0,0,0,0,0
0,0,0,0,0
0,0,0,0,0
0,0,0,0,0
0,0,0,0,0
Frame:7 
1,741,217,56,62
2,672,310,47,197
3,807,304,53,162
5,729,475,90,230
0,0,0,0,0
0,0,0,0,0
0,0,0,0,0
0,0,0,0,0
0,0,0,0,0
0,0,0,0,0
Frame:8 
1,852,237,35,56,1,1199,301,35,38
2,789,306,39,144,2,1182,348,26,74
3,896,312,50,140,3,1232,346,33,75
4,816,438,39,164,5,1205,424,42,98
5,855,435,42,189,0,0,0,0,0
0,0,0,0,0,0,0,0,0,0
0,0,0,0,0,0,0,0,0,0
0,0,0,0,0,0,0,0,0,0
0,0,0,0,0,0,0,0,0,0
0,0,0,0,0,0,0,0,0,0
Frame:9 
1,900,261,39,45,1,1115,297,35,45
2,861,319,26,93,2,1103,348,18,71
3,942,310,36,123,3,1143,345,35,75
4,873,421,42,159,4,1085,429,36,105
5,929,421,32,135,5,1136,427,36,107
0,0,0,0,0,0,0,0,0,0
0,0,0,0,0,0,0,0,0,0
0,0,0,0,0,0,0,0,0,0
0,0,0,0,0,0,0,0,0,0
0,0,0,0,0,0,0,0,0,0
Frame:10 
1,939,268,35,41,1,1053,297,35,39
2,908,316,24,119,2,1025,339,21,78
3,974,319,36,93,3,1077,340,26,81
4,929,415,23,119,5,1038,429,45,108
5,954,409,32,146,0,0,0,0,0
0,0,0,0,0,0,0,0,0,0
0,0,0,0,0,0,0,0,0,0
0,0,0,0,0,0,0,0,0,0
0,0,0,0,0,0,0,0,0,0
0,0,0,0,0,0,0,0,0,0
Frame:11 
1,981,274,32,42,1,1022,295,24,44
2,927,318,39,102,3,1047,340,32,74
3,992,325,36,95,4,1011,421,24,105
4,936,405,35,122,5,1041,411,26,122
5,971,408,32,137,0,0,0,0,0
0,0,0,0,0,0,0,0,0,0
0,0,0,0,0,0,0,0,0,0
0,0,0,0,0,0,0,0,0,0
0,0,0,0,0,0,0,0,0,0
0,0,0,0,0,0,0,0,0,0
Frame:12 
1,953,276,33,47,1,1017,298,32,39
3,947,327,38,93,2,998,342,14,71
4,929,403,29,116,3,1046,336,29,84
5,951,408,38,122,4,1002,415,29,114
0,0,0,0,0,5,1038,414,30,116
0,0,0,0,0,0,0,0,0,0
0,0,0,0,0,0,0,0,0,0
0,0,0,0,0,0,0,0,0,0
0,0,0,0,0,0,0,0,0,0
0,0,0,0,0,0,0,0,0,0
Frame:13 
1,953,276,33,47,1,1017,298,32,39
3,947,327,38,93,2,998,342,14,71
4,929,403,29,116,3,1046,336,29,84
5,951,408,38,122,4,1002,415,29,114
0,0,0,0,0,5,1038,414,30,116
0,0,0,0,0,0,0,0,0,0
0,0,0,0,0,0,0,0,0,0
0,0,0,0,0,0,0,0,0,0
0,0,0,0,0,0,0,0,0,0
0,0,0,0,0,0,0,0,0,0
