
Frame:1
11,151,289,23,65
0,0,0,0,0
0,0,0,0,0
0,0,0,0,0
0,0,0,0,0
0,0,0,0,0
0,0,0,0,0
0,0,0,0,0
0,0,0,0,0
0,0,0,0,0

Frame:2
11,150,289,24,63
0,0,0,0,0
0,0,0,0,0
0,0,0,0,0
0,0,0,0,0
0,0,0,0,0
0,0,0,0,0
0,0,0,0,0
0,0,0,0,0
0,0,0,0,0

Frame:3
11,151,289,23,65
0,0,0,0,0
0,0,0,0,0
0,0,0,0,0
0,0,0,0,0
0,0,0,0,0
0,0,0,0,0
0,0,0,0,0
0,0,0,0,0
0,0,0,0,0

Frame:4
11,151,289,21,68,1,842,208,93,123
0,0,0,0,0,2,731,379,113,299
0,0,0,0,0,6,815,342,176,326
0,0,0,0,0,0,0,0,0,0
0,0,0,0,0,0,0,0,0,0
0,0,0,0,0,0,0,0,0,0
0,0,0,0,0,0,0,0,0,0
0,0,0,0,0,0,0,0,0,0
0,0,0,0,0,0,0,0,0,0
0,0,0,0,0,0,0,0,0,0

Frame:5
11,153,288,21,60,1,606,253,63,83
0,0,0,0,0,2,504,354,84,128
0,0,0,0,0,3,680,357,75,222
0,0,0,0,0,4,580,537,59,203
0,0,0,0,0,6,586,334,111,236
0,0,0,0,0,0,0,0,0,0
0,0,0,0,0,0,0,0,0,0
0,0,0,0,0,0,0,0,0,0
0,0,0,0,0,0,0,0,0,0
0,0,0,0,0,0,0,0,0,0

Frame:6
11,150,289,24,72
1,484,261,50,56
2,418,339,59,131
3,552,336,42,161
4,477,460,42,197
5,517,457,39,182
6,478,318,84,161
0,0,0,0,0
0,0,0,0,0
0,0,0,0,0

Frame:7
1,151,289,26,63,1,417,271,39,54
0,0,0,0,0,2,385,333,33,135
0,0,0,0,0,3,471,333,29,96
0,0,0,0,0,4,406,435,33,149
0,0,0,0,0,5,444,435,42,131
0,0,0,0,0,6,412,321,74,135
0,0,0,0,0,0,0,0,0,0
0,0,0,0,0,0,0,0,0,0
0,0,0,0,0,0,0,0,0,0
0,0,0,0,0,0,0,0,0,0

Frame:8
11,150,289,24,69,1,372,276,38,42
0,0,0,0,0,2,337,330,32,108
0,0,0,0,0,4,354,409,45,114
0,0,0,0,0,5,394,399,38,159
0,0,0,0,0,6,361,315,68,113
0,0,0,0,0,0,0,0,0,0
0,0,0,0,0,0,0,0,0,0
0,0,0,0,0,0,0,0,0,0
0,0,0,0,0,0,0,0,0,0
0,0,0,0,0,0,0,0,0,0

Frame:9
11,148,291,24,66,1,348,271,35,38
0,0,0,0,0,2,309,313,36,90
0,0,0,0,0,3,382,321,29,81
0,0,0,0,0,4,330,385,27,113
0,0,0,0,0,5,361,384,27,122
0,0,0,0,0,6,337,307,53,105
0,0,0,0,0,0,0,0,0,0
0,0,0,0,0,0,0,0,0,0
0,0,0,0,0,0,0,0,0,0
0,0,0,0,0,0,0,0,0,0

Frame:10
11,147,291,27,65,1,322,279,33,35
0,0,0,0,0,2,276,315,41,57
0,0,0,0,0,3,355,325,30,75
0,0,0,0,0,4,313,376,23,104
0,0,0,0,0,5,336,372,23,93
0,0,0,0,0,6,316,312,48,86
0,0,0,0,0,0,0,0,0,0
0,0,0,0,0,0,0,0,0,0
0,0,0,0,0,0,0,0,0,0
0,0,0,0,0,0,0,0,0,0

Frame:11
11,153,289,21,60,1,300,270,26,36
0,0,0,0,0,2,267,306,27,68
0,0,0,0,0,3,328,312,23,74
0,0,0,0,0,4,289,366,32,87
0,0,0,0,0,5,313,366,26,80
0,0,0,0,0,6,291,304,48,80
0,0,0,0,0,0,0,0,0,0
0,0,0,0,0,0,0,0,0,0
0,0,0,0,0,0,0,0,0,0
0,0,0,0,0,0,0,0,0,0

Frame:12
11,150,291,27,65,1,273,279,32,30
0,0,0,0,0,2,262,312,18,60
0,0,0,0,0,4,273,361,24,72
0,0,0,0,0,5,297,357,24,72
0,0,0,0,0,6,273,307,45,74
0,0,0,0,0,0,0,0,0,0
0,0,0,0,0,0,0,0,0,0
0,0,0,0,0,0,0,0,0,0
0,0,0,0,0,0,0,0,0,0
0,0,0,0,0,0,0,0,0,0

Frame:13
11,150,289,23,66,1,264,279,18,23
0,0,0,0,0,2,250,307,15,65
0,0,0,0,0,4,256,354,21,69
0,0,0,0,0,5,279,351,20,78
0,0,0,0,0,6,256,301,41,66
0,0,0,0,0,0,0,0,0,0
0,0,0,0,0,0,0,0,0,0
0,0,0,0,0,0,0,0,0,0
0,0,0,0,0,0,0,0,0,0
0,0,0,0,0,0,0,0,0,0

Frame:14
11,151,289,23,66,1,250,271,20,29
0,0,0,0,0,2,238,300,17,59
0,0,0,0,0,3,277,306,11,59
0,0,0,0,0,4,244,351,18,59
0,0,0,0,0,5,267,349,17,62
0,0,0,0,0,6,250,298,33,75
0,0,0,0,0,0,0,0,0,0
0,0,0,0,0,0,0,0,0,0
0,0,0,0,0,0,0,0,0,0
0,0,0,0,0,0,0,0,0,0

Frame:15
11,147,286,27,72,1,235,277,24,30
0,0,0,0,0,2,222,301,17,51
0,0,0,0,0,3,261,306,18,54
0,0,0,0,0,4,234,345,17,53
0,0,0,0,0,5,250,345,15,54
0,0,0,0,0,6,232,300,35,57
0,0,0,0,0,0,0,0,0,0
0,0,0,0,0,0,0,0,0,0
0,0,0,0,0,0,0,0,0,0
0,0,0,0,0,0,0,0,0,0

Frame:16
11,151,288,21,68,1,225,276,26,23
0,0,0,0,0,2,210,300,15,48
0,0,0,0,0,3,246,303,12,50
0,0,0,0,0,4,222,342,20,54
0,0,0,0,0,5,238,339,17,51
0,0,0,0,0,6,220,300,35,53
0,0,0,0,0,0,0,0,0,0
0,0,0,0,0,0,0,0,0,0
0,0,0,0,0,0,0,0,0,0
0,0,0,0,0,0,0,0,0,0

Frame:17
11,153,294,20,63,1,213,280,27,20
0,0,0,0,0,2,211,303,11,45
0,0,0,0,0,4,211,343,18,45
0,0,0,0,0,5,229,331,17,57
0,0,0,0,0,6,222,297,26,56
0,0,0,0,0,0,0,0,0,0
0,0,0,0,0,0,0,0,0,0
0,0,0,0,0,0,0,0,0,0
0,0,0,0,0,0,0,0,0,0
0,0,0,0,0,0,0,0,0,0

Frame:18
11,150,289,20,65,1,211,285,18,15
0,0,0,0,0,2,205,301,9,42
0,0,0,0,0,4,211,339,12,45
0,0,0,0,0,5,223,331,14,51
0,0,0,0,0,6,214,300,24,44
0,0,0,0,0,0,0,0,0,0
0,0,0,0,0,0,0,0,0,0
0,0,0,0,0,0,0,0,0,0
0,0,0,0,0,0,0,0,0,0
0,0,0,0,0,0,0,0,0,0

Frame:19
1,150,289,23,66,1,205,280,17,23
0,0,0,0,0,2,198,291,8,51
0,0,0,0,0,3,225,298,12,44
0,0,0,0,0,4,204,334,14,42
0,0,0,0,0,5,217,328,14,48
0,0,0,0,0,6,210,297,15,50
0,0,0,0,0,0,0,0,0,0
0,0,0,0,0,0,0,0,0,0
0,0,0,0,0,0,0,0,0,0
0,0,0,0,0,0,0,0,0,0

Frame:20
11,153,288,20,68,11,198,288,26,84
0,0,0,0,0,0,0,0,0,0
0,0,0,0,0,0,0,0,0,0
0,0,0,0,0,0,0,0,0,0
0,0,0,0,0,0,0,0,0,0
0,0,0,0,0,0,0,0,0,0
0,0,0,0,0,0,0,0,0,0
0,0,0,0,0,0,0,0,0,0
0,0,0,0,0,0,0,0,0,0
0,0,0,0,0,0,0,0,0,0

Frame:21
11,151,292,20,60,11,184,288,30,84
0,0,0,0,0,0,0,0,0,0
0,0,0,0,0,0,0,0,0,0
0,0,0,0,0,0,0,0,0,0
0,0,0,0,0,0,0,0,0,0
0,0,0,0,0,0,0,0,0,0
0,0,0,0,0,0,0,0,0,0
0,0,0,0,0,0,0,0,0,0
0,0,0,0,0,0,0,0,0,0
0,0,0,0,0,0,0,0,0,0

Frame:22
11,150,291,20,68,11,181,291,24,74
0,0,0,0,0,0,0,0,0,0
0,0,0,0,0,0,0,0,0,0
0,0,0,0,0,0,0,0,0,0
0,0,0,0,0,0,0,0,0,0
0,0,0,0,0,0,0,0,0,0
0,0,0,0,0,0,0,0,0,0
0,0,0,0,0,0,0,0,0,0
0,0,0,0,0,0,0,0,0,0
0,0,0,0,0,0,0,0,0,0

Frame:23
11,153,292,21,63,11,172,291,27,69
0,0,0,0,0,0,0,0,0,0
0,0,0,0,0,0,0,0,0,0
0,0,0,0,0,0,0,0,0,0
0,0,0,0,0,0,0,0,0,0
0,0,0,0,0,0,0,0,0,0
0,0,0,0,0,0,0,0,0,0
0,0,0,0,0,0,0,0,0,0
0,0,0,0,0,0,0,0,0,0
0,0,0,0,0,0,0,0,0,0

Frame:24
11,150,292,20,62,11,165,289,29,69
0,0,0,0,0,0,0,0,0,0
0,0,0,0,0,0,0,0,0,0
0,0,0,0,0,0,0,0,0,0
0,0,0,0,0,0,0,0,0,0
0,0,0,0,0,0,0,0,0,0
0,0,0,0,0,0,0,0,0,0
0,0,0,0,0,0,0,0,0,0
0,0,0,0,0,0,0,0,0,0
0,0,0,0,0,0,0,0,0,0

Frame:25
11,151,294,18,62,11,160,289,24,69
0,0,0,0,0,0,0,0,0,0
0,0,0,0,0,0,0,0,0,0
0,0,0,0,0,0,0,0,0,0
0,0,0,0,0,0,0,0,0,0
0,0,0,0,0,0,0,0,0,0
0,0,0,0,0,0,0,0,0,0
0,0,0,0,0,0,0,0,0,0
0,0,0,0,0,0,0,0,0,0
0,0,0,0,0,0,0,0,0,0
