Frame:1 
1,591,289,29,53
2,555,345,24,95
3,637,342,32,125
4,580,441,41,144
5,619,442,41,141
0,0,0,0,0
0,0,0,0,0
0,0,0,0,0
0,0,0,0,0
0,0,0,0,0
Frame:2 
1,591,289,29,53
2,555,345,24,95
3,637,342,32,125
4,580,441,41,144
5,619,442,41,141
0,0,0,0,0
0,0,0,0,0
0,0,0,0,0
0,0,0,0,0
0,0,0,0,0
Frame:3 
1,591,289,29,53
2,555,345,24,95
3,637,342,32,125
4,580,441,41,144
5,619,442,41,141
0,0,0,0,0
0,0,0,0,0
0,0,0,0,0
0,0,0,0,0
0,0,0,0,0
Frame:4 
1,591,289,29,53
2,555,345,24,95
3,637,342,32,125
4,580,441,41,144
5,619,442,41,141
0,0,0,0,0
0,0,0,0,0
0,0,0,0,0
0,0,0,0,0
0,0,0,0,0
Frame:5 
1,591,289,29,53
2,555,345,24,95
3,637,342,32,125
4,580,441,41,144
5,619,442,41,141
0,0,0,0,0
0,0,0,0,0
0,0,0,0,0
0,0,0,0,0
0,0,0,0,0
Frame:6 
1,591,289,29,53
2,555,345,24,95
3,637,342,32,125
4,580,441,41,144
5,619,442,41,141
0,0,0,0,0
0,0,0,0,0
0,0,0,0,0
0,0,0,0,0
0,0,0,0,0
Frame:7 
1,591,289,29,53
2,555,345,24,95
3,637,342,32,125
4,580,441,41,144
5,619,442,41,141
0,0,0,0,0
0,0,0,0,0
0,0,0,0,0
0,0,0,0,0
0,0,0,0,0
Frame:8 
1,591,289,29,53
2,555,345,24,95
3,637,342,32,125
4,580,441,41,144
5,619,442,41,141
0,0,0,0,0
0,0,0,0,0
0,0,0,0,0
0,0,0,0,0
0,0,0,0,0
Frame:9 
1,591,289,29,53
2,555,345,24,95
3,637,342,32,125
4,580,441,41,144
5,619,442,41,141
0,0,0,0,0
0,0,0,0,0
0,0,0,0,0
0,0,0,0,0
0,0,0,0,0
Frame:10 
1,591,289,29,53
2,555,345,24,95
3,637,342,32,125
4,580,441,41,144
5,619,442,41,141
0,0,0,0,0
0,0,0,0,0
0,0,0,0,0
0,0,0,0,0
0,0,0,0,0
Frame:11 
1,612,295,38,47,11,88,547,47,48
2,580,346,24,92,0,0,0,0,0
3,662,345,35,96,0,0,0,0,0
4,583,445,42,129,0,0,0,0,0
5,627,445,45,134,0,0,0,0,0
0,0,0,0,0,0,0,0,0,0
0,0,0,0,0,0,0,0,0,0
0,0,0,0,0,0,0,0,0,0
0,0,0,0,0,0,0,0,0,0
0,0,0,0,0,0,0,0,0,0
Frame:12 
1,607,286,47,56,11,391,541,51,45
2,582,343,30,87,0,0,0,0,0
3,665,342,24,99,0,0,0,0,0
4,582,445,54,132,0,0,0,0,0
5,639,444,30,137,0,0,0,0,0
0,0,0,0,0,0,0,0,0,0
0,0,0,0,0,0,0,0,0,0
0,0,0,0,0,0,0,0,0,0
0,0,0,0,0,0,0,0,0,0
0,0,0,0,0,0,0,0,0,0
Frame:13 
1,610,289,36,53,11,531,537,50,51
2,585,348,24,90,0,0,0,0,0
3,659,339,36,102,0,0,0,0,0
4,577,442,57,137,0,0,0,0,0
5,637,444,33,141,0,0,0,0,0
0,0,0,0,0,0,0,0,0,0
0,0,0,0,0,0,0,0,0,0
0,0,0,0,0,0,0,0,0,0
0,0,0,0,0,0,0,0,0,0
0,0,0,0,0,0,0,0,0,0
Frame:14 
1,618,289,36,62,11,525,535,36,56
2,588,342,20,92,0,0,0,0,0
3,660,340,36,107,0,0,0,0,0
4,538,438,95,126,0,0,0,0,0
5,644,436,35,155,0,0,0,0,0
0,0,0,0,0,0,0,0,0,0
0,0,0,0,0,0,0,0,0,0
0,0,0,0,0,0,0,0,0,0
0,0,0,0,0,0,0,0,0,0
0,0,0,0,0,0,0,0,0,0
Frame:15 
1,618,289,36,62,11,525,535,36,56
2,588,342,20,92,0,0,0,0,0
3,660,340,36,107,0,0,0,0,0
4,538,438,95,126,0,0,0,0,0
5,644,436,35,155,0,0,0,0,0
0,0,0,0,0,0,0,0,0,0
0,0,0,0,0,0,0,0,0,0
0,0,0,0,0,0,0,0,0,0
0,0,0,0,0,0,0,0,0,0
0,0,0,0,0,0,0,0,0,0
Frame:16 
1,618,289,36,62,11,525,535,36,56
2,588,342,20,92,0,0,0,0,0
3,660,340,36,107,0,0,0,0,0
4,538,438,95,126,0,0,0,0,0
5,644,436,35,155,0,0,0,0,0
0,0,0,0,0,0,0,0,0,0
0,0,0,0,0,0,0,0,0,0
0,0,0,0,0,0,0,0,0,0
0,0,0,0,0,0,0,0,0,0
0,0,0,0,0,0,0,0,0,0
Frame:17 
1,618,289,36,62,11,525,535,36,56
2,588,342,20,92,0,0,0,0,0
3,660,340,36,107,0,0,0,0,0
4,538,438,95,126,0,0,0,0,0
5,644,436,35,155,0,0,0,0,0
0,0,0,0,0,0,0,0,0,0
0,0,0,0,0,0,0,0,0,0
0,0,0,0,0,0,0,0,0,0
0,0,0,0,0,0,0,0,0,0
0,0,0,0,0,0,0,0,0,0
Frame:18 
1,618,289,36,62,11,525,535,36,56
2,588,342,20,92,0,0,0,0,0
3,660,340,36,107,0,0,0,0,0
4,538,438,95,126,0,0,0,0,0
5,644,436,35,155,0,0,0,0,0
0,0,0,0,0,0,0,0,0,0
0,0,0,0,0,0,0,0,0,0
0,0,0,0,0,0,0,0,0,0
0,0,0,0,0,0,0,0,0,0
0,0,0,0,0,0,0,0,0,0
