Frame:1 
1,641,309,27,30
3,662,340,26,69
4,633,396,24,108
5,656,397,26,110
0,0,0,0,0
0,0,0,0,0
0,0,0,0,0
0,0,0,0,0
0,0,0,0,0
0,0,0,0,0
Frame:2 
1,641,309,27,30
3,662,340,26,69
4,633,396,24,108
5,656,397,26,110
0,0,0,0,0
0,0,0,0,0
0,0,0,0,0
0,0,0,0,0
0,0,0,0,0
0,0,0,0,0
Frame:3 
1,641,309,27,30
3,662,340,26,69
4,633,396,24,108
5,656,397,26,110
0,0,0,0,0
0,0,0,0,0
0,0,0,0,0
0,0,0,0,0
0,0,0,0,0
0,0,0,0,0
Frame:4 
1,641,309,27,30
3,662,340,26,69
4,633,396,24,108
5,656,397,26,110
0,0,0,0,0
0,0,0,0,0
0,0,0,0,0
0,0,0,0,0
0,0,0,0,0
0,0,0,0,0
Frame:5 
1,641,309,27,30
3,662,340,26,69
4,633,396,24,108
5,656,397,26,110
0,0,0,0,0
0,0,0,0,0
0,0,0,0,0
0,0,0,0,0
0,0,0,0,0
0,0,0,0,0
Frame:6 
1,641,309,27,30
3,662,340,26,69
4,633,396,24,108
5,656,397,26,110
0,0,0,0,0
0,0,0,0,0
0,0,0,0,0
0,0,0,0,0
0,0,0,0,0
0,0,0,0,0
Frame:7 
1,641,309,27,30
3,662,340,26,69
4,633,396,24,108
5,656,397,26,110
0,0,0,0,0
0,0,0,0,0
0,0,0,0,0
0,0,0,0,0
0,0,0,0,0
0,0,0,0,0
Frame:8 
1,641,309,27,30
3,662,340,26,69
4,633,396,24,108
5,656,397,26,110
0,0,0,0,0
0,0,0,0,0
0,0,0,0,0
0,0,0,0,0
0,0,0,0,0
0,0,0,0,0
Frame:9 
1,641,309,27,30
3,662,340,26,69
4,633,396,24,108
5,656,397,26,110
0,0,0,0,0
0,0,0,0,0
0,0,0,0,0
0,0,0,0,0
0,0,0,0,0
0,0,0,0,0
Frame:10 
1,641,309,27,30
3,662,340,26,69
4,633,396,24,108
5,656,397,26,110
0,0,0,0,0
0,0,0,0,0
0,0,0,0,0
0,0,0,0,0
0,0,0,0,0
0,0,0,0,0
Frame:11 
1,641,309,27,30
3,662,340,26,69
4,633,396,24,108
5,656,397,26,110
0,0,0,0,0
0,0,0,0,0
0,0,0,0,0
0,0,0,0,0
0,0,0,0,0
0,0,0,0,0
Frame:12 
1,634,306,26,33,1,1011,330,44,47
3,653,337,32,66,2,951,373,77,66
4,627,396,29,110,4,983,454,72,161
5,648,397,32,108,0,0,0,0,0
0,0,0,0,0,0,0,0,0,0
0,0,0,0,0,0,0,0,0,0
0,0,0,0,0,0,0,0,0,0
0,0,0,0,0,0,0,0,0,0
0,0,0,0,0,0,0,0,0,0
0,0,0,0,0,0,0,0,0,0
Frame:13 
1,634,312,24,35,1,801,327,33,42
3,657,343,23,71,2,747,381,54,51
4,633,403,24,107,4,764,427,60,138
5,650,406,24,107,0,0,0,0,0
0,0,0,0,0,0,0,0,0,0
0,0,0,0,0,0,0,0,0,0
0,0,0,0,0,0,0,0,0,0
0,0,0,0,0,0,0,0,0,0
0,0,0,0,0,0,0,0,0,0
0,0,0,0,0,0,0,0,0,0
Frame:14 
1,633,301,35,39,1,722,337,29,35
3,660,337,26,78,2,678,363,50,44
4,630,399,26,104,4,689,420,56,116
5,650,400,29,107,5,764,424,41,113
0,0,0,0,0,0,0,0,0,0
0,0,0,0,0,0,0,0,0,0
0,0,0,0,0,0,0,0,0,0
0,0,0,0,0,0,0,0,0,0
0,0,0,0,0,0,0,0,0,0
0,0,0,0,0,0,0,0,0,0
Frame:15 
1,630,309,33,33,1,681,333,30,44
4,633,402,18,105,2,654,372,38,42
5,644,403,26,107,4,663,420,29,113
3,653,346,18,68,5,702,421,35,101
0,0,0,0,0,0,0,0,0,0
0,0,0,0,0,0,0,0,0,0
0,0,0,0,0,0,0,0,0,0
0,0,0,0,0,0,0,0,0,0
0,0,0,0,0,0,0,0,0,0
0,0,0,0,0,0,0,0,0,0
Frame:16 
1,630,309,33,33,1,681,333,30,44
4,633,402,18,105,2,654,372,38,42
5,644,403,26,107,4,663,420,29,113
3,653,346,18,68,5,702,421,35,101
0,0,0,0,0,0,0,0,0,0
0,0,0,0,0,0,0,0,0,0
0,0,0,0,0,0,0,0,0,0
0,0,0,0,0,0,0,0,0,0
0,0,0,0,0,0,0,0,0,0
0,0,0,0,0,0,0,0,0,0
Frame:17 
1,630,309,33,33,1,681,333,30,44
4,633,402,18,105,2,654,372,38,42
5,644,403,26,107,4,663,420,29,113
3,653,346,18,68,5,702,421,35,101
0,0,0,0,0,0,0,0,0,0
0,0,0,0,0,0,0,0,0,0
0,0,0,0,0,0,0,0,0,0
0,0,0,0,0,0,0,0,0,0
0,0,0,0,0,0,0,0,0,0
0,0,0,0,0,0,0,0,0,0
Frame:18 
1,630,309,33,33,1,681,333,30,44
4,633,402,18,105,2,654,372,38,42
5,644,403,26,107,4,663,420,29,113
3,653,346,18,68,5,702,421,35,101
0,0,0,0,0,0,0,0,0,0
0,0,0,0,0,0,0,0,0,0
0,0,0,0,0,0,0,0,0,0
0,0,0,0,0,0,0,0,0,0
0,0,0,0,0,0,0,0,0,0
0,0,0,0,0,0,0,0,0,0
