Frame:1
0,0,0,0,0
0,0,0,0,0
0,0,0,0,0
0,0,0,0,0
0,0,0,0,0
0,0,0,0,0
0,0,0,0,0
0,0,0,0,0
0,0,0,0,0
0,0,0,0,0
Frame:2
0,0,0,0,0
0,0,0,0,0
0,0,0,0,0
0,0,0,0,0
0,0,0,0,0
0,0,0,0,0
0,0,0,0,0
0,0,0,0,0
0,0,0,0,0
0,0,0,0,0
Frame:3
0,0,0,0,0
0,0,0,0,0
0,0,0,0,0
0,0,0,0,0
0,0,0,0,0
0,0,0,0,0
0,0,0,0,0
0,0,0,0,0
0,0,0,0,0
0,0,0,0,0
Frame:4
0,0,0,0,0
0,0,0,0,0
0,0,0,0,0
0,0,0,0,0
0,0,0,0,0
0,0,0,0,0
0,0,0,0,0
0,0,0,0,0
0,0,0,0,0
0,0,0,0,0
Frame:5
0,0,0,0,0
0,0,0,0,0
0,0,0,0,0
0,0,0,0,0
0,0,0,0,0
0,0,0,0,0
0,0,0,0,0
0,0,0,0,0
0,0,0,0,0
0,0,0,0,0
Frame:6
1,60,286,39,45
2,37,337,33,78
4,66,421,41,113
6,57,331,50,93
0,0,0,0,0
0,0,0,0,0
0,0,0,0,0
0,0,0,0,0
0,0,0,0,0
0,0,0,0,0
Frame:7
1,192,285,33,44
2,166,330,27,83
4,210,418,41,113
5,190,417,21,110
6,190,324,48,105
0,0,0,0,0
0,0,0,0,0
0,0,0,0,0
0,0,0,0,0
0,0,0,0,0
Frame:8
1,303,285,39,42
2,283,334,27,80
4,292,409,26,129
5,319,409,44,128
6,295,318,57,102
0,0,0,0,0
0,0,0,0,0
0,0,0,0,0
0,0,0,0,0
0,0,0,0,0
Frame:9
1,430,267,39,50
2,409,319,30,80
4,421,408,38,126
5,448,408,33,98
6,424,319,53,107
0,0,0,0,0
0,0,0,0,0
0,0,0,0,0
0,0,0,0,0
0,0,0,0,0
Frame:10
1,561,268,36,45,1,337,90,98,129
2,541,325,27,90,2,400,264,75,329
4,567,406,32,120,3,204,238,63,339
5,540,400,30,122,4,349,501,80,224
6,546,307,45,110,5,270,505,74,222
0,0,0,0,0,6,264,213,156,318
0,0,0,0,0,0,0,0,0,0
0,0,0,0,0,0,0,0,0,0
0,0,0,0,0,0,0,0,0,0
0,0,0,0,0,0,0,0,0,0
Frame:11
9,627,498,17,33,1,595,154,57,69
10,634,505,14,23,2,653,256,48,197
0,0,0,0,0,4,615,441,108,234
0,0,0,0,0,5,544,436,71,284
0,0,0,0,0,6,543,226,132,243
0,0,0,0,0,0,0,0,0,0
0,0,0,0,0,0,0,0,0,0
0,0,0,0,0,0,0,0,0,0
0,0,0,0,0,0,0,0,0,0
0,0,0,0,0,0,0,0,0,0
Frame:12
2,642,304,18,81,1,711,177,41,65
4,648,391,21,114,2,773,252,44,149
5,668,420,20,90,3,662,262,35,173
0,0,0,0,0,4,737,390,44,225
0,0,0,0,0,5,711,384,29,192
0,0,0,0,0,6,695,237,83,174
0,0,0,0,0,0,0,0,0,0
0,0,0,0,0,0,0,0,0,0
0,0,0,0,0,0,0,0,0,0
0,0,0,0,0,0,0,0,0,0