Frame:1
0,0,0,0,0
0,0,0,0,0
0,0,0,0,0
0,0,0,0,0
0,0,0,0,0
0,0,0,0,0
0,0,0,0,0
0,0,0,0,0
0,0,0,0,0
0,0,0,0,0
Frame:2
0,0,0,0,0
0,0,0,0,0
0,0,0,0,0
0,0,0,0,0
0,0,0,0,0
0,0,0,0,0
0,0,0,0,0
0,0,0,0,0
0,0,0,0,0
0,0,0,0,0
Frame:3
0,0,0,0,0
0,0,0,0,0
0,0,0,0,0
0,0,0,0,0
0,0,0,0,0
0,0,0,0,0
0,0,0,0,0
0,0,0,0,0
0,0,0,0,0
0,0,0,0,0
Frame:4
0,0,0,0,0
0,0,0,0,0
0,0,0,0,0
0,0,0,0,0
0,0,0,0,0
0,0,0,0,0
0,0,0,0,0
0,0,0,0,0
0,0,0,0,0
0,0,0,0,0
Frame:5
0,0,0,0,0
0,0,0,0,0
0,0,0,0,0
0,0,0,0,0
0,0,0,0,0
0,0,0,0,0
0,0,0,0,0
0,0,0,0,0
0,0,0,0,0
0,0,0,0,0
Frame:6
0,0,0,0,0
0,0,0,0,0
0,0,0,0,0
0,0,0,0,0
0,0,0,0,0
0,0,0,0,0
0,0,0,0,0
0,0,0,0,0
0,0,0,0,0
0,0,0,0,0
Frame:7
0,0,0,0,0
0,0,0,0,0
0,0,0,0,0
0,0,0,0,0
0,0,0,0,0
0,0,0,0,0
0,0,0,0,0
0,0,0,0,0
0,0,0,0,0
0,0,0,0,0
Frame:8
0,0,0,0,0
0,0,0,0,0
0,0,0,0,0
0,0,0,0,0
0,0,0,0,0
0,0,0,0,0
0,0,0,0,0
0,0,0,0,0
0,0,0,0,0
0,0,0,0,0
Frame:9
0,0,0,0,0
0,0,0,0,0
0,0,0,0,0
0,0,0,0,0
0,0,0,0,0
0,0,0,0,0
0,0,0,0,0
0,0,0,0,0
0,0,0,0,0
0,0,0,0,0
Frame:10
2,9,336,101,299
0,0,0,0,0
0,0,0,0,0
0,0,0,0,0
0,0,0,0,0
0,0,0,0,0
0,0,0,0,0
0,0,0,0,0
0,0,0,0,0
0,0,0,0,0
Frame:11
1,111,178,83,104,1,27,240,50,63
2,181,322,92,231,4,0,487,33,126
3,9,322,50,210,0,0,0,0,0
4,156,529,93,189,0,0,0,0,0
5,63,534,72,189,0,0,0,0,0
6,55,301,164,291,0,0,0,0,0
0,0,0,0,0,0,0,0,0,0
0,0,0,0,0,0,0,0,0,0
0,0,0,0,0,0,0,0,0,0
0,0,0,0,0,0,0,0,0,0
Frame:12
1,271,214,63,84,1,145,238,57,72
2,351,331,54,182,2,97,318,38,153
3,174,324,60,177,4,102,460,42,192
4,295,523,65,197,6,123,298,81,179
5,234,520,44,203,0,0,0,0,0
6,226,306,138,239,0,0,0,0,0
0,0,0,0,0,0,0,0,0,0
0,0,0,0,0,0,0,0,0,0
0,0,0,0,0,0,0,0,0,0
0,0,0,0,0,0,0,0,0,0
Frame:13
1,306,223,66,87,1,213,219,57,74
2,393,321,42,162,2,174,301,36,192
3,237,331,53,164,4,214,477,39,218
4,351,510,68,212,6,196,291,68,177
5,283,508,54,210,0,0,0,0,0
6,285,312,125,219,0,0,0,0,0
0,0,0,0,0,0,0,0,0,0
0,0,0,0,0,0,0,0,0,0
0,0,0,0,0,0,0,0,0,0
0,0,0,0,0,0,0,0,0,0
Frame:14
1,321,231,66,78,1,292,217,48,71
2,400,321,42,165,2,238,291,47,146
3,252,327,56,173,4,235,490,54,204
4,361,502,59,215,0,0,0,0,0
5,285,499,71,227,0,0,0,0,0
6,301,313,111,210,0,0,0,0,0
0,0,0,0,0,0,0,0,0,0
0,0,0,0,0,0,0,0,0,0
0,0,0,0,0,0,0,0,0,0
0,0,0,0,0,0,0,0,0,0
Frame:15
1,312,231,63,77,1,267,222,51,71
2,405,322,38,168,2,234,303,27,167
3,249,337,48,165,4,256,486,33,186
4,367,501,56,221,0,0,0,0,0
5,286,505,57,212,0,0,0,0,0
6,298,304,119,213,0,0,0,0,0
0,0,0,0,0,0,0,0,0,0
0,0,0,0,0,0,0,0,0,0
0,0,0,0,0,0,0,0,0,0
0,0,0,0,0,0,0,0,0,0
Frame:16
1,313,235,66,80,1,280,223,47,71
2,402,327,38,164,4,243,486,44,186
3,252,333,56,170,0,0,0,0,0
4,367,498,54,228,0,0,0,0,0
5,282,504,68,219,0,0,0,0,0
6,289,315,129,209,0,0,0,0,0
7,369,706,59,15,0,0,0,0,0
0,0,0,0,0,0,0,0,0,0
0,0,0,0,0,0,0,0,0,0
0,0,0,0,0,0,0,0,0,0
Frame:17
1,307,238,66,75,1,277,223,51,68
2,411,333,29,158,4,246,495,42,179
3,250,322,54,182,0,0,0,0,0
4,357,502,62,216,0,0,0,0,0
5,282,507,74,213,0,0,0,0,0
6,289,309,126,210,0,0,0,0,0
0,0,0,0,0,0,0,0,0,0
0,0,0,0,0,0,0,0,0,0
0,0,0,0,0,0,0,0,0,0
0,0,0,0,0,0,0,0,0,0
Frame:18
1,309,235,72,77,1,286,220,45,77
2,414,330,27,165,4,250,496,50,171
3,255,322,60,180,0,0,0,0,0
4,367,514,56,218,0,0,0,0,0
5,288,513,63,206,0,0,0,0,0
6,294,316,120,215,0,0,0,0,0
0,0,0,0,0,0,0,0,0,0
0,0,0,0,0,0,0,0,0,0
0,0,0,0,0,0,0,0,0,0
0,0,0,0,0,0,0,0,0,0
